0.478313
0.53287
0.386118
0.531324
0.394327
0.532834
0.530542
0.493542
0.532308
0.532441
0.49399
0.532872
0.50764
0.500384
0.53026
0.182562
0.519037
0.532872
0.287153
0.532872
0.52401
0.532872
0.532832
0.532872
0.52569
0.532863
0.5312
0.529422
0.474446
0.531387
0.52991
0.518629
0.532872
0.458295
0.526747
0.53287
0.502229
0.532865
0.483815
0.500143
0.43668
0.0915547
0.532872
0.524521
0.36175
0.532872
0.532641
0.532867
0.478548
0.53273
0.532864
0.532666
0.354103
0.532711
0.531818
0.532872
0.532837
0.525999
0.497024
0.532872
0.2389
0.532872
0.444718
0.532872
0.498228
0.532872
0.532872
0.531914
0.531378
0.532872
0.501895
0.532872
0.532861
0.531145
0.464356
0.197932
0.318146
0.532872
0.532826
0.459618
0.532872
0.527503
0.172452
3.41801e-86
0.531871
0.53287
0.532872
0.532872
0.529437
0.488186
0.383959
0.288924
0.532872
0.532872
0.53286
0.270819
0.38045
0.531557
0.513658
0.373849
0.409762
0.532795
0.524306
0.528121
0.532872
0.153612
0.532716
0.532872
0.501138
0.532459
0.530083
0.442623
0.532872
0.497542
0.532872
0.531787
0.346081
0.49719
0.532863
0.532872
0.232227
0.532871
0.532869
0.522595
0.193739
0.498909
0.532872
0.53276
0.446829
0.471059
0.377038
0.532872
0.492032
0.53287
0.532382
0.532872
0.505095
0.532872
0.455539
0.211455
0.532702
0.131114
0.364158
0.368188
0.532866
0.532872
0.525221
0.532738
0.528658
0.525809
3.31548e-09
0.521071
0.532872
0.369933
0.532872
0.532851
0.532848
0.532872
0.527626
0.526298
0.532872
0.432583
0.203836
0.532872
0.458512
0.444272
0.532868
0.500762
0.532868
0.149948
0.52508
0.531509
0.391484
0.532872
0.503301
0.52736
0.483849
0.530665
0.518169
0.532861
0.485101
0.532872
0.412594
0.532871
0.532729
0.532872
0.530663
0.514088
0.532188
0.53277
0.524118
0.529293
0.529284
0.514072
0.5251
0.532046
0.523665
0.315025
0.532831
0.45313
0.532763
0.524664
0.507037
0.532867
0.459628
0.472252
0.532872
0.532771
0.511923
0.507628
0.529661
0.438284
0.532868
0.531117
0.355848
0.532872
0.532872
0.166294
0.52679
0.521499
0.525875
0.532485
0.532872
0.532872
0.532866
0.53285
0.531356
0.523405
0.53152
0.380313
0.455161
0.532872
0.532777
0.482598
0.53257
0.532872
0.532872
0.504548
0.532552
0.454488
0.532872
0.262528
0.528691
0.532863
0.295922
0.428204
0.19538
0.519114
0.397978
0.273172
0.522325
0.357284
0.532872
0.530482
0.398108
0.400112
0.515585
0.446621
0.403225
0.531442
0.532857
0.532868
0.528229
0.341553
0.532785
0.526348
0.532872
0.429817
0.53287
0.492264
0.532872
0.287747
0.53287
0.432881
0.532872
0.532354
0.492772
0.531156
0.528694
0.532869
0.479061
0.530112
0.470487
0.527651
0.530984
0.532868
0.481316
0.532837
0.501707
0.47962
0.362908
0.205561
0.532864
0.532872
0.532541
0.531932
0.450386
0.528479
0.478584
0.508261
0.530128
0.501397
0.499266
0.532391
0.53287
0.457644
0.532871
0.528914
0.532831
0.298538
0.532613
0.53287
0.532069
0.532872
0.532704
0.460001
0.308171
0.532304
0.291602
0.53132
0.532872
0.532218
0.532872
0.514135
0.26401
0.532872
0.532391
0.436774
0.532872
0.532872
0.390968
0.532869
0.532872
0.532872
0.516228
0.123577
0.44085
3.40523e-05
0.518724
0.531985
0.528724
0.289679
0.52025
0.532863
0.435899
0.484666
0.349979
0.531967
0.532872
0.401834
0.532872
0.532872
0.532864
0.404597
0.149965
0.531091
0.532872
0.532681
0.507359
0.494589
0.532233
0.532872
0.532859
0.52976
0.524391
0.532872
0.321702
0.234671
0.532855
0.440945
0.316115
0.466837
0.532872
0.491519
0.530903
0.463742
0.532434
0.505138
0.532872
0.532823
0.210768
0.532828
5.26218e-15
0.474192
0.531639
0.532872
0.5315
0.526419
0.481121
0.516132
0.532638
0.532816
0.532872
0.217559
0.523998
0.532871
0.524186
0.498851
0.532578
0.532862
0.532799
0.433802
0.532872
0.532872
0.239123
0.532672
0.503562
0.532868
0.52701
0.532786
0.531844
0.53287
2.5411e-88
0.473118
0.449274
0.513643
0.525191
0.492009
0.530561
0.532872
0.486524
0.532872
0.531941
0.53287
0.532872
0.532855
0.532869
0.532872
0.532512
0.532872
0.504819
0.517901
0.532872
0.526007
0.532633
0.526075
0.527828
0.532872
0.133167
0.531602
0.532872
0.530419
0.501108
0.532872
0.532455
0.532861
0.448994
0.532839
0.324266
0.530687
0.512492
0.512623
0.532764
0.303896
0.532866
0.532423
0.532867
0.532872
0.532847
0.518262
0.532872
0.532872
0.507674
0.532392
0.530934
0.387923
0.532872
0.523998
0.525193
0.421241
0.441746
0.532871
0.146136
0.532691
0.00436636
0.530971
0.532789
0.423337
0.378952
0.51402
0.532872
0.515106
0.224331
0.314857
0.532863
0.329415
0.532872
0.423215
0.450846
0.531991
0.526574
0.532872
0.508021
0.505741
0.530888
0.532866
0.526729
0.532872
0.486652
0.460912
0.532872
0.413182
0.532734
0.211093
0.532866
0.482934
0.437593
0.502595
0.532872
0.506835
0.532856
0.531987
0.532872
0.532872
0.531592
0.524765
0.532872
0.449607
0.515314
0.529429
0.531553
0.532872
0.506184
0.532867
0.407949
0.532872
0.497121
0.532658
0.53286
0.498835
0.52687
0.370637
0.532154
0.518774
0.431855
0.528308
0.531922
0.531971
0.532872
0.532806
0.532872
0.51621
0.532872
0.497205
7.36659e-43
0.532872
0.531847
0.532817
0.532872
0.532872
0.532857
0.532842
0.501069
0.178534
0.518579
0.532872
0.532871
0.532841
0.488458
0.532872
0.532872
0.443893
0.532748
0.532871
0.532872
0.532872
0.521147
0.49939
0.532667
0.329134
0.532872
0.460491
0.532871
0.532872
0.532872
0.521312
0.504974
0.531157
0.510962
0.532834
0.532868
0.520644
0.499553
0.530182
0.532871
0.532813
0.532829
0.532872
0.532872
0.532872
0.532517
0.532657
0.532849
0.532469
0.532872
0.532848
0.532872
0.120538
0.532872
0.52983
0.532864
0.414334
0.532557
0.258979
0.532872
0.518478
0.290653
0.404515
0.532872
0.417406
0.465387
0.418788
0.443473
0.476621
0.498122
0.495922
0.522752
0.52485
0.326744
0.53287
0.532867
3.35019e-193
0.532872
0.531875
0.531853
1.20821e-197
0.532872
0.532701
0.532773
0.525641
0.532872
0.532867
0.372359
0.53282
0.532436
0.532119
0.532718
0.532413
0.532872
0.53113
0.531777
0.531242
0.532872
0.162097
0.532849
0.50483
0.532692
0.5317
0.504342
0.488233
0.488543
0.532043
0.532872
0.532872
0.532248
0.531324
0.332041
0.532872
0.491678
0.531273
0.532279
0.532719
0.527963
0.514289
0.482344
0.524951
0.523741
0.423511
0.419251
0.532348
0.532613
0.53287
0.532835
0.211118
0.532872
0.0978427
0.180061
0.532872
0.526197
0.38265
0.451209
0.419834
0.504472
0.528449
0.418279
0.532864
0.53222
0.532276
0.529901
0.401984
0.532657
0.531558
0.532854
0.43374
0.532819
0.532872
0.292242
0.523685
0.453209
0.532872
0.367069
0.531942
0.414605
0.515153
0.532872
0.532872
0.531177
0.530628
0.512465
0.532864
0.532872
9.95399e-166
0.532869
0.421126
0.532688
0.502319
0.453772
0.52991
0.530533
0.532421
0.517887
0.466722
0.532872
0.532832
0.247189
0.52501
0.532614
0.388834
0.532825
0.532643
0.49525
0.501559
0.511995
0.527832
0.429852
0.532872
0.509826
0.532361
0.532872
0.460831
0.532872
0.521475
0.522926
0.532872
0.458979
0.524774
0.532857
0.530832
0.530677
0.532334
0.515485
0.53287
0.532809
0.124375
0.444549
0.524191
0.3942
0.532844
0.532163
0.528661
0.474714
0.531764
0.429281
0.532872
0.483056
0.532363
0.527373
0.532466
0.532872
0.53255
0.532872
0.435101
0.532872
0.532816
0.532872
0.532872
0.532758
0.507048
0.532333
0.532318
2.36421e-16
0.526743
0.531478
0.530142
0.531764
0.532868
0.532868
0.424198
1.88616e-91
0.240639
0.238387
0.506949
0.531251
0.514753
0.526172
0.303919
0.532872
0.532872
0.530662
0.532872
0.256495
0.310245
0.521211
0.261587
0.532803
0.529465
0.463736
0.508775
0.493847
0.52937
0.532872
0.53287
0.531196
0.528707
0.532833
0.501844
0.532866
0.532704
0.532872
0.532698
6.91518e-78
0.531328
0.532872
0.308316
0.528529
0.12072
0.532716
0.532796
0.532872
0.532861
0.532872
0.532757
0.278121
0.519502
0.487299
0.441578
0.531722
0.532872
0.34759
0.519978
0.532872
7.45763e-10
0.532869
0.532872
0.382478
0.532872
0.532872
0.532448
0.532853
0.476095
0.532666
0.532867
0.514557
0.452655
0.532866
0.532872
0.462903
0.480363
0.532872
0.381533
0.532867
0.325262
0.532872
0.527678
0.465721
0.528833
0.532858
0.408403
0.53277
0.532847
0.532872
0.532736
0.531432
0.532816
0.521555
0.532867
0.530331
0.198624
0.532871
0.532872
0.532872
0.466018
0.532871
0.299936
0.532871
0.532742
0.532872
0.280684
0.48563
0.265161
0.443443
0.443317
0.532736
0.458126
0.482908
0.501718
0.529757
0.523281
0.505055
0.532868
0.176129
0.532627
0.532872
0.519422
0.53249
0.532848
0.515962
0.528525
0.532872
0.461858
0.532024
0.532794
0.532869
0.395833
0.532872
0.532872
0.532871
0.513931
0.517413
0.489514
0.497224
0.532868
0.532634
0.521084
0.532864
0.532071
0.531041
0.532867
0.532859
0.532872
0.532252
0.497014
0.532594
0.527002
0.490944
0.52223
0.434983
0.532872
0.532871
0.360591
0.532861
0.360296
0.524146
0.512945
0.389326
0.532866
0.532857
0.479339
0.532638
0.262996
0.53229
0.532694
0.426004
0.532814
0.532872
0.525658
0.302066
0.532763
0.430236
0.521663
0.532637
0.532872
0.447852
0.440866
0.532872
0.512853
0.532872
0.532841
0.532872
0.315846
0.532596
0.532872
0.532872
0.532446
0.475237
0.524546
0.532863
0.532872
0.52914
0.532872
0.0884635
0.532774
0.442629
0.532497
0.532872
0.532872
0.314267
0.525226
0.290601
0.478922
0.462868
0.39646
0.531843
0.351649
0.222836
0.532144
0.470568
0.207995
0.532872
0.520653
0.411298
0.532778
0.478473
0.525283
0.515034
0.53176
0.531237
0.532872
0.531777
0.532872
0.532565
0.516209
0.530675
0.532784
0.530273
0.532871
0.5317
0.356208
0.299858
0.530924
0.527042
0.532824
0.532868
0.532802
0.532865
0.532683
0.403898
0.532871
0.532823
0.529537
0.532872
0.532872
0.532872
0.369489
0.523549
0.484298
0.214605
0.532872
0.532785
0.532872
0.532872
0.529316
0.45367
0.523942
0.347548
0.527646
0.532872
0.531608
0.530584
0.532862
0.532872
0.532498
0.516146
0.532863
0.532872
0.173517
0.532822
0.532559
0.53287
0.440726
0.530099
0.532647
0.532872
0.53287
0.532872
0.532773
0.522905
0.532843
0.532872
0.526823
0.501593
0.353801
0.504242
0.531989
0.531201
0.258769
0.29253
0.528333
0.526733
0.531512
0.428495
0.508815
0.532872
0.171301
0.520035
0.518629
0.532864
0.532413
0.532797
0.27697
0.532872
0.498143
0.456346
0.517381
0.298637
0.256987
0.532871
0.473124
0.530334
0.531455
0.419551
0.304828
0.492322
0.532532
0.532565
0.528897
0.471035
0.532348
0.532747
0.529891
0.519122
0.529055
0.43144
0.531956
0.532241
0.506729
0.532788
0.505193
0.517134
0.53206
0.53284
0.53287
0.52851
0.497105
0.532299
0.335103
0.170265
0.532872
0.532872
0.527509
0.516663
0.422521
0.524027
0.53287
0.530313
0.532848
0.46826
0.532766
0.53137
0.532872
0.532872
0.531417
0.532644
0.53278
0.521062
0.473967
0.532481
0.513577
0.351387
0.518585
0.1815
0.532872
0.509155
0.384207
0.532872
0.532828
0.336186
0.525979
0.199853
0.53286
0.53153
0.531899
0.114071
0.529326
0.525382
0.532277
0.532826
0.364192
0.525585
0.36928
0.532872
0.530447
0.532872
0.530142
0.46567
0.532872
0.532816
0.459685
0.527708
0.532519
0.532872
0.522421
0.434649
0.532872
0.532391
0.519923
0.288213
0.532866
0.532868
0.495544
0.532872
0.455303
0.532872
0.532872
0.502266
0.527686
0.532872
0.416773
0.452303
0.531307
0.508794
0.532872
0.532872
9.11231e-28
0.532794
0.532872
0.159423
0.530436
0.531589
0.532872
0.530647
2.74832e-44
0.528807
0.531134
0.53278
0.529151
0.52744
0.532872
0.53184
0.532872
0.233564
0.532872
0.51857
0.532857
0.506458
0.243221
0.532674
0.526329
0.532867
0.530961
0.532856
0.531431
0.532825
4.45624e-138
0.494268
0.532762
0.502721
0.523367
0.5327
0.468357
0.532868
0.53285
0.53284
0.532872
0.393111
0.532868
0.532709
0.532871
0.374891
0.532872
0.532748
0.532311
0.531458
0.532872
0.501633
0.531821
0.532872
0.527206
0.489716
0.531026
0.532859
0.52163
0.424597
0.532795
0.532871
0.532864
0.50775
0.532872
0.532679
0.532872
0.531031
0.52166
0.532869
0.352584
0.47307
0.496175
0.532843
0.531575
0.398279
0.532872
0.532402
0.531356
0.444091
0.53284
0.523641
0.441791
0.532872
0.388871
0.157723
0.194228
0.532868
0.508957
0.531868
0.532872
0.532407
0.532872
0.525386
0.528989
0.359626
0.51474
0.532869
0.532872
0.302287
0.532649
0.347955
0.428219
0.510346
0.532867
0.532872
0.413397
0.532817
0.495999
0.532865
0.518711
0.530385
0.419163
0.478639
0.527223
0.532872
0.201563
0.532872
0.531924
0.532872
0.187593
0.507669
0.528265
0.532872
0.458085
0.53287
0.501094
0.526634
0.531056
0.175909
0.532872
0.532872
0.532865
0.46483
0.532872
0.532872
0.52825
0.532872
0.524436
0.455473
0.454559
0.532755
0.523927
0.532745
0.470847
0.532281
0.357208
0.53287
0.531829
0.496257
0.480486
0.532872
0.520527
0.414805
0.532872
0.524717
0.53281
0.412363
0.532872
0.523272
0.523845
0.512186
0.532863
0.528184
0.29862
0.529459
0.462127
0.532766
0.532867
0.474225
1.43509e-168
0.532283
0.529664
0.487323
0.532872
0.532839
0.532638
0.532555
0.530936
0.532869
0.476923
0.532833
0.531619
0.532707
0.532872
0.532872
0.38446
0.532872
0.342182
0.532871
0.532872
0.527239
0.530886
0.49706
0.458986
0.532872
0.524013
0.532043
0.522807
0.466287
0.402199
0.286363
0.525721
0.487596
0.532864
0.498868
0.532872
0.530061
0.532872
0.532513
0.524347
0.53248
0.524003
0.529397
0.532179
0.532872
0.532391
0.521567
0.532868
0.231699
0.493992
0.433114
0.498644
0.53217
0.532772
0.532829
0.510284
0.47616
0.301961
0.532861
0.289456
0.531712
0.184541
0.529664
0.499152
0.532747
0.532809
0.532861
0.529546
0.449733
0.500601
0.511364
0.308991
0.210651
0.532872
0.532861
0.502178
0.532851
0.532872
0.52425
0.529707
0.53287
0.529814
0.525084
0.516331
0.526333
0.530956
0.532872
0.532869
0.529139
0.532871
0.368204
0.528635
0.532371
0.412194
0.532601
0.147685
0.511611
0.532868
0.532872
0.532869
0.532872
0.532605
0.5281
0.309353
0.532867
0.532566
0.418583
0.531161
0.532867
0.259066
0.532872
0.136472
0.379861
0.375404
0.525995
0.532872
0.532855
0.532452
0.532872
0.532119
0.532343
0.532568
0.529908
0.493612
0.523094
0.329627
0.532861
0.532744
0.532872
0.523092
0.52237
0.527968
0.532872
0.455126
0.532872
0.532872
0.532851
0.531869
0.531044
0.527403
0.532871
0.532872
0.523955
0.532768
0.469412
0.519467
0.517731
0.532015
0.298563
0.520718
0.200691
0.474947
0.532809
0.532872
0.532177
0.532872
0.523022
0.521778
0.53283
0.498469
0.532872
0.52792
0.532838
0.532872
0.532872
0.457743
0.532418
0.467714
0.472
0.506202
0.532862
0.51824
0.530463
0.469218
0.532862
0.501697
0.512558
0.382565
0.514197
0.462143
0.53276
0.516608
0.518263
0.459151
0.532851
0.531737
0.447905
0.532776
0.532872
0.267173
0.532871
0.532855
0.503853
0.529076
0.451159
0.487429
0.504665
0.46475
0.154607
0.532838
0.516388
0.369622
0.532861
0.528328
0.532872
0.513429
0.478217
0.528321
0.532816
0.532872
0.495156
0.446766
0.532843
0.53169
0.532868
0.49278
0.472107
0.519916
0.532793
0.53286
0.532872
0.532859
0.531948
0.522237
3.33527e-47
0.495905
0.274239
0.532872
0.532864
0.5322
0.476132
0.532864
0.519356
0.531312
0.532847
0.506471
0.518307
0.532664
0.425528
0.532872
0.532871
0.529605
0.517859
0.355755
0.389782
0.309042
0.523148
0.53268
0.532872
0.502784
0.460329
0.522875
0.458702
0.532717
0.214452
0.121037
0.519739
0.353309
0.532872
0.532511
0.529864
0.495428
0.383723
0.532872
0.504931
0.523048
0.308749
0.520962
0.523946
0.512357
0.532705
0.48169
0.530136
0.497745
0.532371
0.532869
0.221772
0.521517
0.532872
0.532872
0.532872
0.532141
0.380201
0.532871
0.238888
0.456558
0.532872
0.490197
0.473489
0.532788
0.487771
0.532071
0.532675
0.170759
0.325498
0.485535
0.532871
0.245508
0.532231
0.511311
0.532872
0.531578
0.532872
0.527049
0.521313
0.284938
0.529833
0.365225
0.400218
0.400333
0.532611
0.352467
0.53277
0.532853
0.530101
0.532872
0.214555
0.400446
0.532744
0.532872
0.468391
0.532872
0.53287
0.532872
0.238536
0.51286
0.532792
0.532058
0.369917
0.529992
0.532869
0.457217
0.498999
0.531773
0.453387
0.507348
0.494902
0.340816
0.532872
0.377945
0.346331
0.532872
0.532254
0.36443
0.42855
0.532297
0.531444
0.532871
0.531278
0.521489
0.39087
0.366845
0.532872
3.80406e-43
0.531384
0.293051
0.492823
0.275145
0.532295
0.522791
0.527224
0.400894
0.413283
0.493569
0.529687
0.232153
0.532872
0.38682
0.467379
0.513939
0.53213
0.532872
0.501203
0.531855
0.532871
0.532199
0.532872
0.53287
0.532833
0.532865
0.532727
0.329153
0.532044
0.532746
0.532692
0.532848
0.228392
0.528853
0.532872
0.500965
0.507774
0.532818
0.531849
0.532637
0.52064
0.528847
0.471037
0.434425
0.53287
0.532855
0.505007
0.532865
0.532872
0.532868
0.523343
0.532131
0.458035
0.532856
0.532866
0.532829
0.532825
0.0922396
0.532872
0.53138
0.532872
0.532851
0.526828
0.532872
0.53204
0.532838
0.490925
9.04697e-145
0.164585
0.266786
0.528232
0.531356
0.532822
0.532855
0.532854
0.532088
0.372293
0.531687
0.532872
0.486842
0.527055
0.502938
0.53287
0.532872
0.53287
0.532728
0.532114
0.528543
0.532816
0.517849
0.297381
0.482907
0.530884
0.519593
0.532872
0.471291
0.532872
0.532858
0.531285
0.532872
0.426034
0.515666
0.431373
0.53257
0.490457
0.433623
0.3126
0.531597
0.483288
0.5328
0.532305
0.515395
0.532872
0.528929
0.531607
0.088378
0.260407
0.490649
0.532871
0.460359
0.368317
0.525801
0.524859
0.532742
0.503543
0.532396
0.522592
0.527085
0.532658
0.52499
0.473566
0.532549
0.479801
0.40327
0.513645
0.512413
0.532835
0.532803
0.526857
0.532872
0.532866
0.504514
0.532872
0.384226
0.529814
0.521446
0.511178
0.523054
0.532872
0.417641
0.532357
0.320644
0.527722
0.532381
0.449254
0.531528
0.53182
0.532677
0.532105
0.532867
0.521356
0.532197
0.102175
0.492342
0.459454
0.115118
0.236868
0.532872
0.532872
0.458864
0.532472
0.48824
0.0921011
0.531966
0.532872
0.153776
0.459163
0.515518
0.110524
0.532443
0.250234
0.525194
0.532864
0.258591
0.473125
0.526421
0.531108
0.53124
0.532405
0.532863
0.465035
0.530508
0.532872
0.529402
0.366956
0.353692
0.39851
0.532325
0.522793
0.528285
0.524657
0.528352
0.525794
0.52822
0.531937
0.532819
0.532685
0.0933014
0.529317
0.32865
0.529853
0.414329
0.531802
0.468756
0.532126
0.529056
1.71271e-34
0.532499
0.390604
0.530823
0.526452
0.309234
0.532152
0.427832
0.532862
5.66937e-60
0.434582
0.532872
0.532872
0.532872
0.532862
0.532864
0.532546
0.532527
0.532871
0.473153
0.53287
0.22863
0.532871
0.291525
0.105632
0.370613
0.532872
0.532872
0.531719
0.387286
0.516559
0.430258
5.9205e-10
0.528438
0.532872
0.532872
0.456806
0.490739
0.433676
0.532238
0.532856
0.531878
0.528458
0.532738
0.267281
0.522905
0.525934
0.53287
0.532854
0.35395
0.418201
0.532866
0.526408
0.452416
0.532872
0.532011
0.52618
0.531392
3.88414e-260
0.499953
0.475658
0.5328
0.528142
0.51656
0.525285
0.472385
0.532557
0.530832
0.468236
0.532583
0.338009
0.3159
0.519509
0.532348
0.250833
0.532847
0.509278
0.530838
0.532846
0.296992
0.532373
0.435287
0.32888
0.532867
0.498034
0.529609
0.527436
0.100093
0.155551
0.532106
0.403246
0.532192
0.431596
1.42897e-74
0.532836
0.532869
0.444658
0.521849
0.502439
0.532872
0.370231
0.532872
0.532848
0.505359
0.532865
0.529639
0.510741
0.532733
0.529894
0.532772
0.480538
0.508744
0.53059
0.532185
0.511
0.532872
0.532872
0.532285
0.532786
0.53287
0.532872
0.0769001
0.380033
0.455674
0.362639
0.488109
0.372567
0.532836
0.532872
0.506596
0.471996
0.532872
0.523402
0.532274
0.532824
0.531881
0.410599
0.532657
0.532477
0.490881
0.505626
0.523557
0.504915
0.532872
0.530708
0.532867
0.523967
0.52703
0.532872
0.498882
0.532872
0.528586
0.532872
0.521344
0.445087
0.398853
0.532871
0.523238
0.531919
0.532574
0.531491
0.53287
0.467684
0.477757
0.149274
0.0953316
0.532862
0.291698
0.146195
0.53029
0.532599
0.444979
0.529456
0.517392
0.528069
0.532658
0.532644
0.53287
0.532872
0.531883
0.298344
0.532745
0.414357
0.46797
0.524358
0.532872
0.530453
0.532872
0.532872
0.531753
0.49852
2.49644e-115
0.532872
0.531838
0.489013
0.530925
0.532644
0.439469
0.531811
0.136436
0.532872
0.532847
0.503429
0.532653
0.529241
0.41291
0.520882
0.165646
0.46734
0.532872
0.508735
0.359927
0.532872
0.528212
0.53281
0.0868896
0.532868
0.313129
0.532835
0.532871
0.505327
0.532872
0.529025
0.5068
0.532872
0.532872
0.53269
0.532752
0.532872
0.531659
0.532866
2.58385e-42
0.522063
0.529527
0.262504
0.532872
0.519243
0.532872
0.263243
0.449647
0.532872
0.532871
0.532779
0.457977
0.532171
0.495239
0.249567
0.532872
0.39806
0.532872
0.532866
0.532872
0.465315
0.522594
0.478727
0.532532
0.532865
0.523104
0.523166
0.167181
0.532843
0.532872
0.532812
0.532788
0.529676
0.532867
0.532865
0.525767
0.512588
0.532498
0.532871
0.488742
0.53287
0.532825
0.532841
0.494799
0.532872
0.532862
0.529545
0.516506
0.481523
0.517425
0.532872
0.532872
0.532531
0.532871
0.450727
0.532852
0.323128
0.433096
0.53287
0.532833
0.532872
0.207953
0.296295
0.53274
0.457319
0.532872
0.532872
0.501461
0.412581
0.525634
0.532848
0.532373
0.161445
0.208353
0.532872
0.42593
0.530144
0.528251
0.532868
0.532872
2.75001e-43
0.306865
0.392727
0.531432
0.528035
0.532776
0.532753
0.532027
0.520948
0.530304
0.532792
0.530658
0.530791
0.532872
0.516636
0.431107
0.53287
0.530962
0.146331
0.521225
0.295868
0.468022
0.532412
0.528138
0.532872
0.532764
0.532871
0.532871
0.532855
0.492056
0.531532
0.488508
0.532871
0.52905
0.515504
0.500388
0.521458
0.517506
0.529817
0.532872
0.405638
0.525981
0.531911
0.532766
0.485167
0.53277
0.522914
0.532872
0.532872
0.494428
0.532264
0.532851
0.52487
0.532227
0.532656
0.483182
0.532872
0.455813
0.532872
0.532787
0.281215
0.532601
0.532093
0.529679
0.532673
0.532804
0.44464
0.522975
0.430367
0.476436
0.53223
0.532872
0.532623
0.521187
0.53282
0.532872
0.527569
0.351023
0.519572
0.474801
0.464596
0.532853
0.436031
0.532872
0.50634
0.392174
0.496751
0.532872
1.96245e-19
0.445321
0.532872
0.528914
0.307978
0.422406
0.236423
0.531446
0.532044
0.53273
0.532869
0.532839
0.475033
0.532867
0.527466
0.511771
0.532108
0.532872
0.532872
0.370138
0.532872
0.409238
0.520553
0.530911
0.532835
0.53287
0.532773
0.387503
0.519377
0.472881
0.424365
0.504532
0.388016
0.532863
0.512716
0.532872
0.531594
0.532872
1.89751e-238
0.336889
0.450621
0.3398
0.532853
0.532872
0.456625
0.532866
0.498822
0.396702
0.178627
0.524813
0.53286
0.147086
0.532869
0.527386
0.480382
0.52823
0.530214
0.532872
0.517816
0.526754
0.531449
0.532872
0.455367
0.48061
0.532226
0.532752
0.532872
0.448169
0.532792
0.532766
0.518645
0.523101
0.529008
0.492098
0.532738
0.530229
0.532872
0.512585
0.384917
0.532865
0.529982
0.173706
0.532856
0.531054
0.532872
0.21125
0.115896
0.45519
0.532872
0.532872
0.405345
0.532779
0.516657
0.532872
0.373354
0.532872
0.464702
0.532751
0.424469
0.515475
0.532641
0.508736
0.530776
0.52827
0.514247
0.383724
0.532727
0.127264
0.403219
0.531863
0.532872
0.53287
0.532872
0.514828
0.532867
0.532727
0.532872
0.354877
0.15661
0.53284
0.532872
0.532608
0.532869
0.532144
0.532872
0.532764
0.532872
0.525228
0.48021
0.532604
0.532853
0.532791
0.515897
0.532872
0.531899
0.532872
0.224789
0.532868
0.531899
0.53069
0.532871
0.531241
0.532872
0.532872
0.325495
0.532872
0.53287
0.532872
0.531798
0.384542
0.531679
0.532807
0.532872
0.532871
0.482685
0.532465
0.53073
0.49278
0.532872
0.181963
0.5323
0.532869
0.520936
0.191625
0.531463
0.532866
0.532858
0.53287
0.479726
0.532872
0.532038
0.532052
0.532613
0.531151
0.51789
0.521077
3.34019e-23
7.15779e-21
0.532872
0.253147
0.531166
0.532872
0.525251
0.532856
0.53225
0.524702
0.532859
0.532036
0.532872
0.51818
0.526848
0.5296
0.396709
0.306769
1.57307e-76
0.532776
0.532872
0.532869
0.532699
0.532726
0.532841
0.481597
0.510067
0.531799
0.532872
0.528853
0.525249
0.531954
0.532303
0.532169
0.532872
0.527943
0.530797
0.15242
0.529168
0.532872
0.48652
0.47549
0.532872
0.532793
0.532872
0.532686
0.532865
8.05398e-102
0.531997
0.532871
0.532872
0.358341
0.505761
0.410629
0.52986
0.525147
0.532296
0.524327
0.532461
0.532872
0.298449
0.52148
0.517158
0.515362
0.532741
0.532872
0.238562
0.532825
1.82856e-11
0.530368
0.530342
0.531868
0.161738
0.455321
0.532872
0.491943
0.396537
0.467621
0.418374
0.307209
0.531575
0.532872
0.521561
0.532872
0.481076
0.532857
0.532859
0.107148
0.493891
0.532832
0.322385
0.532872
0.416826
0.523897
0.171377
0.404459
0.53287
0.532872
0.532732
0.532872
0.532866
0.532816
0.449254
0.493198
0.532674
0.531656
0.0794951
0.136247
0.532871
0.524529
0.475412
0.532872
0.520053
0.515408
0.53116
0.305414
0.53286
0.532851
0.32892
0.523172
0.519042
0.520686
0.532872
0.454397
0.503858
0.532872
0.466072
0.490484
0.531347
0.526527
0.471043
0.387833
0.53272
0.532872
0.532872
0.42667
0.532048
0.532871
0.225965
0.480713
0.194838
0.53283
0.498612
0.40618
0.532851
0.375254
0.532512
0.11669
0.395619
0.532855
0.522187
0.531763
0.532403
0.532775
0.532854
0.532841
0.52151
0.532872
0.347576
0.528791
0.532872
0.532872
0.50414
0.532872
0.531904
0.508725
0.511963
0.532856
0.466672
0.36842
0.532869
0.261155
0.532872
0.454833
0.532488
0.532695
0.145808
0.528122
0.529967
0.532805
0.206761
0.532735
0.532697
0.53287
0.532863
0.532872
0.51947
0.51218
0.532872
1.32995e-35
0.253341
0.532872
0.521962
0.350842
0.532775
0.516575
0.532872
0.532872
0.287264
0.232674
0.532818
0.53285
0.53214
0.532872
0.509589
0.532871
0.53267
0.532871
0.532872
0.530257
0.531978
0.51954
0.503052
0.532539
0.532803
0.508349
0.53287
0.532872
0.529337
0.526233
0.532841
0.531997
0.525667
0.478123
0.531397
0.532698
0.532871
0.101243
0.532017
0.532872
0.532872
0.528938
0.532872
0.505442
0.532331
0.532872
0.531887
0.532872
0.402954
0.532872
0.435877
0.532868
0.532847
0.532872
0.532736
0.532854
0.531796
0.514403
0.532542
0.529952
0.531564
0.525119
0.350797
0.532168
0.398797
0.530123
0.463776
0.520675
0.387312
0.457556
0.532872
0.532872
0.532871
0.532182
0.532674
0.530233
0.526633
0.53287
0.532872
0.532871
0.530695
0.532302
0.526367
0.223619
0.51061
0.532724
0.528543
0.532804
0.53266
0.53287
0.532733
0.532557
0.172081
0.468923
0.53287
0.469143
0.532871
0.532872
0.524602
0.53264
0.532026
0.531918
0.530802
0.532872
0.527986
0.532539
1.80996e-99
0.354523
0.532823
0.532065
0.532872
0.532713
0.192767
0.415369
0.52123
0.481591
0.532872
0.450016
0.532691
0.4919
0.522309
0.532872
0.497239
0.454408
0.52908
0.23312
0.508028
0.532872
0.532872
0.532872
0.532872
0.532872
0.530324
0.532872
0.532701
0.532872
0.53183
0.362814
0.519524
0.529344
0.528223
0.434902
0.532802
0.532179
0.531702
0.458962
0.532872
0.3371
0.532464
0.53257
0.42297
0.489905
0.513159
0.526033
0.177198
0.532622
0.532858
0.359701
8.44562e-19
0.357229
0.47251
0.455085
0.52649
0.397991
0.528908
0.486118
0.500894
0.532864
0.532872
0.172079
0.454642
0.532758
0.532558
0.532872
0.532869
0.532833
0.532809
0.497531
0.291259
0.360654
0.530045
0.532872
0.53009
0.532867
0.496997
0.530999
0.340911
0.532849
0.531666
0.502115
0.25335
0.358455
0.524187
0.530667
0.532851
0.520084
0.487727
0.411167
0.357867
0.212115
0.532872
0.532255
0.532865
0.530577
0.485945
0.460502
0.236611
0.142362
0.529554
0.532871
0.532872
0.528307
0.493307
0.525416
0.532872
0.513967
0.531945
0.532871
0.514439
0.532866
0.477364
0.532856
0.53287
0.532871
0.532872
0.525495
0.532872
0.532871
0.53246
0.292419
0.410486
0.532578
0.532836
0.267895
0.526323
0.532524
0.53287
0.532871
0.530086
0.532796
0.529716
0.440981
0.479472
0.532844
0.532872
0.362453
0.532689
0.530149
0.531586
0.453034
0.532872
0.53287
0.515793
0.532871
0.532857
0.348049
0.532157
0.489804
0.309617
0.532845
0.427772
0.529171
0.532872
0.531407
0.532872
0.532221
0.436093
0.523667
0.52964
0.498325
0.532872
0.532872
0.525276
0.527945
0.532872
0.532872
0.490727
0.464052
0.531935
0.511531
0.532872
0.531434
0.532278
0.512303
0.462717
0.180596
0.50079
0.532819
0.532872
0.532158
0.532872
0.46879
0.532833
0.403093
0.532852
0.469747
0.532872
0.520901
0.532872
0.467003
0.492693
0.532806
0.524724
0.532863
0.530309
0.531999
0.433103
0.532872
0.496836
0.532872
0.532426
0.203879
0.532872
0.480598
0.532825
0.220733
0.532579
0.532869
0.532607
0.511914
0.531315
0.530486
0.317107
4.32444e-14
0.532868
0.532529
0.530143
0.505791
0.532872
0.532872
0.411334
0.532872
0.527552
0.532872
0.532628
0.528983
0.532577
0.532631
0.532836
0.530313
0.439348
0.532872
0.382396
0.532872
0.532872
0.532315
0.532414
0.500324
0.490889
6.05252e-05
0.501785
4.39315e-07
0.262771
0.532668
0.472999
3.19817e-112
0.532863
0.245228
0.52982
0.529412
0.532856
0.450433
0.529855
0.532872
0.520213
0.392016
0.532837
0.511409
0.478576
0.532872
0.526224
0.532869
0.532871
0.132515
0.40327
0.532872
0.475669
0.46848
0.531166
0.532872
0.532871
0.509428
0.531699
0.532336
0.481368
0.526968
0.223915
0.530615
0.532807
0.53286
0.0907555
0.376972
0.527921
0.379182
0.53282
0.532872
0.532872
0.532842
0.521929
0.532845
0.532872
0.524676
0.48184
0.528894
0.532872
0.460712
0.444202
0.532872
0.49231
0.532872
0.532747
0.532872
0.530577
0.491522
0.532871
0.189119
0.532872
0.196701
0.526896
0.532871
0.531121
0.532865
0.320383
0.276929
0.529257
0.529929
0.526327
0.53287
0.531461
0.524474
0.381309
0.514843
0.532872
0.349343
0.532872
0.53021
0.532864
0.532869
0.527616
0.45988
0.530853
0.532872
0.532608
0.496982
0.512696
1.64681e-17
0.532872
0.532647
0.532675
0.530795
0.506411
0.532744
0.0922565
5.30796e-30
0.520003
0.52633
0.48933
0.236142
0.532817
0.491661
0.532872
0.532544
0.529064
0.531203
0.532827
0.229007
0.532872
0.532831
0.532826
0.518053
0.505053
0.532872
0.532872
0.254247
0.532872
0.532731
0.532872
0.345472
7.90079e-05
0.532293
0.485082
0.532872
0.52464
0.312774
0.532571
0.531946
0.532872
0.532867
0.532836
0.523944
0.532853
0.349191
0.532872
0.532003
0.532872
0.532848
0.448727
0.531951
0.532788
0.514096
0.227308
0.532847
0.53287
0.532872
0.532872
0.532545
0.532872
0.5316
0.53267
0.232808
0.532586
0.532872
0.137349
0.532872
0.532872
0.532868
0.532713
0.510593
0.522937
0.532872
0.531921
0.532872
0.49871
0.529138
0.532872
0.532702
3.27478e-40
0.532872
0.153656
0.532865
0.370234
0.478047
0.532867
0.53287
0.341064
0.53287
0.532476
0.53277
0.489248
0.531965
0.532158
0.528506
0.53232
0.529884
0.258531
0.520569
0.201881
0.531843
0.53287
0.532367
0.4318
0.532855
0.528749
0.532658
0.532766
0.496816
0.419376
0.532045
0.492155
0.351775
0.532872
0.48628
0.527027
0.532836
0.531902
0.532872
0.532872
0.529414
0.53287
0.532871
0.53287
0.490462
4.68084e-30
0.532872
0.507783
0.532864
0.532816
0.530749
0.532872
0.489649
0.296042
0.532872
0.526501
4.1053e-149
0.532805
0.524269
0.319202
0.372713
0.527223
0.528652
0.532756
0.529034
0.532842
0.532866
0.530429
0.266522
0.510577
0.532718
0.200998
0.532861
1.46687e-30
0.450025
0.50904
0.532871
0.532733
0.532872
0.49892
0.532811
0.340334
0.532528
0.531452
0.523374
0.519169
0.483085
0.530243
0.532147
0.532872
0.532872
0.494233
0.390736
0.532872
0.523399
0.532872
0.397816
0.532872
0.532872
0.31979
0.526871
0.532163
0.509305
0.532709
0.394952
0.522095
0.532872
0.531234
0.490238
0.532864
0.532668
0.532845
0.531622
0.510531
0.515155
0.310729
0.520185
0.532872
0.532872
0.166026
0.513087
0.468078
0.532872
0.532872
0.477151
0.532872
0.532042
0.436342
0.532631
0.532842
0.532872
3.94643e-15
0.532778
0.532187
0.513079
0.532817
0.532872
0.532872
0.532872
0.391577
0.40778
0.361405
0.532356
0.532867
0.527889
0.126836
0.317954
0.490302
0.489497
0.532542
0.376306
0.532872
0.532227
0.532872
0.517739
0.532872
0.518734
0.522217
0.297437
0.414497
0.532341
0.5279
0.44596
7.71171e-41
0.406382
0.499645
0.532868
0.270605
0.444657
0.524929
0.532836
0.532834
0.353944
0.532872
0.532872
0.532833
0.498506
0.470856
0.529945
0.532743
0.483565
0.288933
0.532776
0.532872
0.532872
0.0768862
0.354295
0.532871
0.406074
0.524561
0.526458
0.532871
0.487454
0.520157
0.532872
0.532872
0.532872
0.532872
0.125497
0.532846
0.5328
0.532872
0.529398
0.532835
0.532872
0.532871
0.23376
0.532872
0.532848
0.532871
0.532872
0.516996
0.521337
0.528379
0.241417
0.516981
0.417957
0.527804
0.532344
0.204408
0.532872
0.531851
0.512129
0.532825
0.502385
0.532872
0.532589
0.51009
0.53211
0.519194
0.530813
0.52945
0.532872
0.258802
0.503715
0.527966
0.530994
0.532872
0.530728
0.505135
0.30734
0.532872
0.532805
0.532872
0.3322
0.532769
0.52299
0.532854
0.532869
0.371102
0.532835
0.415352
0.24878
0.53152
0.499587
0.532871
0.532872
0.411273
0.481357
0.532855
0.532868
0.532872
0.529947
0.532835
0.511098
0.435662
0.532872
0.531644
0.495681
0.53211
0.532872
0.532869
0.527822
0.53044
0.52662
0.530642
0.532602
0.476987
0.463735
0.532872
0.532872
0.338718
0.490411
0.532159
0.5328
0.529308
0.532827
0.532872
0.532872
0.532262
0.532872
0.503499
0.531616
0.532869
0.499438
0.529451
0.285761
0.532872
0.48757
0.529498
0.523679
0.532865
0.526159
0.512372
0.532744
0.495348
0.516861
0.532871
0.532178
0.51865
0.532872
0.532872
0.530619
0.532828
0.532872
0.532731
0.53205
0.532872
0.50692
0.532872
0.499703
0.532869
0.532872
0.504329
0.525455
0.286346
0.530961
0.532726
0.532862
0.532872
0.381009
0.532872
0.532872
0.492167
0.532841
0.532671
0.482577
0.532872
0.532449
0.380364
0.532872
0.532872
0.532872
0.457638
0.532872
0.532872
0.532237
0.532865
0.459389
0.500349
0.532872
0.532867
0.532872
0.527977
0.531117
0.532872
0.532871
0.530424
0.464932
0.532849
0.522489
0.532838
0.450332
0.52735
0.532361
0.519714
0.441082
0.52255
0.531648
0.532865
0.532872
0.532537
0.531365
0.331999
0.532855
0.450508
0.410605
0.532871
0.532665
0.526875
0.517757
0.524997
0.528519
0.532814
0.518374
0.532869
0.532842
0.437736
0.182118
0.518678
0.49248
0.532666
0.53287
0.527653
0.439663
0.529138
0.511574
0.531827
0.532824
0.532832
0.532868
0.531911
0.363797
0.525376
0.507838
0.53067
0.469909
0.469397
0.517451
0.532865
0.526802
0.53287
0.401425
0.532871
0.532872
0.532843
0.427601
0.532048
0.532705
0.532831
0.181023
0.520369
0.518116
0.495467
0.532784
0.373203
0.532854
0.532872
0.342078
0.532869
0.532734
0.488188
0.532854
0.531674
0.524202
0.276514
0.532845
0.516405
0.532872
0.532872
0.532722
0.53285
0.505859
1.64778e-74
0.316222
0.532872
0.532872
0.532872
0.487101
0.532629
0.449597
0.530288
0.530525
0.532871
0.527124
0.52823
0.532872
0.532768
0.528129
0.520324
0.444721
0.53226
0.298101
0.271423
0.420742
0.532872
0.531856
0.515462
0.333882
0.47205
0.529643
0.511772
0.532803
0.507541
0.530965
0.53255
0.530517
0.531988
0.532467
0.525968
0.312322
0.519998
0.293194
0.49193
0.527354
0.532872
0.532872
0.532871
0.264696
0.532603
0.532273
0.532706
0.532697
0.532607
0.389568
0.531732
0.532614
0.358261
0.531438
0.532429
0.523262
0.39487
0.46252
0.529617
0.530111
0.532232
0.530782
0.428934
0.237307
0.509219
0.532529
0.532872
0.532424
0.522606
0.453477
0.42666
0.428629
0.532872
0.532731
0.532239
0.532872
0.507505
0.532849
0.518463
0.514719
0.527448
0.532872
0.532871
0.53287
0.532865
0.532872
0.532297
0.5313
0.43185
0.521352
0.502748
0.53287
0.532872
0.532872
0.15826
0.136563
0.532871
0.532545
0.532502
0.532865
0.528191
0.467782
0.530828
0.531691
0.296419
0.529258
0.532871
0.532456
0.532872
0.516391
0.429898
0.532872
0.225628
0.491479
0.501824
0.397067
0.476613
0.532124
0.282913
0.476855
0.532872
0.510243
0.51167
0.128584
0.508236
0.522277
0.532872
0.528035
0.510256
0.532872
0.532872
0.532848
0.244306
0.53283
0.532872
0.532671
0.42183
0.423638
0.531015
0.532872
0.521174
0.333328
0.506542
0.532853
0.523906
0.531637
0.532872
0.530172
0.461159
0.532871
0.515935
0.12537
0.532872
0.454755
0.532872
0.164314
0.532872
0.532872
0.519812
0.53067
0.532872
0.531082
0.421251
0.532753
0.483849
0.490119
0.529382
0.53229
0.51598
0.330272
0.530936
0.532872
0.532872
0.0982079
0.460052
0.517417
0.52631
0.531845
0.523693
0.530933
0.532857
0.532815
0.532859
0.532749
0.512048
0.109052
0.532061
0.532872
0.532872
0.532751
0.512474
0.532872
0.532785
0.26868
0.23929
0.481342
0.532848
0.531035
0.528941
0.532872
0.519474
0.532831
0.529562
0.532872
0.378097
0.411345
0.532871
0.532139
0.532872
0.499887
0.532805
0.160607
0.512435
0.532811
0.163709
0.284813
0.422536
0.532872
0.532872
0.509049
0.532872
0.532079
0.481281
0.532872
0.532872
0.532872
0.526416
0.239928
0.532872
0.506934
0.532872
0.532871
0.532872
0.525873
0.520533
0.496708
0.346176
0.532872
0.532851
0.453846
0.52752
0.532452
0.522897
0.1865
0.512826
0.310692
0.532681
0.532872
0.532866
0.377877
0.47297
0.532872
0.520292
0.526473
0.52691
0.448787
0.463785
0.529095
0.284092
0.520752
0.51861
0.50418
0.53285
0.504915
0.517787
0.532872
0.233128
0.527067
0.408248
0.532867
0.532872
0.53285
0.532499
0.530702
0.185173
0.53287
0.532378
0.532736
0.532148
0.531701
0.530482
0.532331
0.532872
0.532872
0.375855
0.528505
0.532866
0.532848
0.532872
0.532542
0.512982
0.518726
0.237549
0.528357
0.440773
0.505874
0.532733
0.363195
0.433843
0.532808
0.509407
0.532517
0.370261
0.532872
0.528212
0.460328
0.474825
0.532862
0.532872
0.180029
0.28279
0.532872
6.55721e-11
0.424826
0.481124
0.509661
0.531968
0.305537
0.501734
0.53255
0.498643
0.532865
0.532872
0.532785
0.416067
0.532132
0.532872
0.345064
0.532872
0.3991
0.522749
0.522974
0.52457
0.532869
0.532872
0.531799
0.528235
0.174841
0.530935
0.532854
0.532802
7.98496e-105
0.532872
0.532353
0.532872
0.532853
0.532669
0.502236
0.513039
0.532864
0.530999
0.53274
0.490557
0.532872
0.530975
0.5049
0.530845
0.520024
0.513983
0.501808
0.531531
0.448179
0.355806
0.532765
0.526439
0.37938
0.532863
0.48235
0.532644
0.532845
0.31455
0.532854
0.529995
0.357782
0.531957
0.528659
0.532872
0.359689
0.52914
0.530514
0.532815
0.454714
0.529634
0.532789
0.40527
0.509118
0.532678
0.528976
0.532815
0.389611
0.53109
0.530775
0.532847
1.69684e-18
0.528634
0.300417
0.356216
0.344847
0.532467
0.530029
0.490029
0.532872
0.509073
0.532872
0.532786
0.526715
0.530836
0.532118
0.532872
0.516356
0.532866
0.532869
0.532816
0.531754
0.526862
0.521223
0.531589
0.532395
0.532872
0.532194
0.53285
0.521794
0.532872
0.504792
0.256624
0.415257
0.532842
0.532768
0.532709
0.502284
0.532344
0.49451
0.532158
0.532563
0.532201
0.532872
0.532791
0.532324
0.532626
0.532218
0.505822
0.532872
0.532872
0.532819
0.532872
0.532816
0.532871
0.457895
0.478534
0.511083
0.442042
0.501136
0.476503
0.532682
0.307255
0.527765
0.532872
0.532869
0.532864
0.37104
0.525743
0.532214
0.501261
0.420415
0.518253
0.493062
0.490737
0.492055
0.532872
0.531921
0.530981
0.531951
0.395571
0.532788
0.513094
0.380637
0.477855
0.532872
0.434769
0.482975
0.4402
0.532656
0.53264
0.532201
0.532836
0.532872
0.444375
0.529363
0.495624
0.53281
0.532433
0.409307
0.407058
0.532815
0.532872
0.532525
0.531802
0.532624
0.436089
0.514658
0.53284
0.528098
0.516184
0.51819
0.532866
0.492865
0.511483
0.532246
0.532872
0.521027
0.532871
0.51541
0.428842
0.532872
0.402871
0.528322
0.531774
0.531556
0.53285
0.532872
0.532796
4.13342e-73
0.531042
0.530218
0.510247
0.437288
0.458177
0.532872
0.530638
0.515956
0.409927
0.529652
0.526945
0.532871
0.518066
0.532777
0.532872
0.51392
0.523486
0.376762
0.532232
0.5219
0.420092
0.532221
0.532872
0.532871
0.513811
0.524813
0.529335
0.521097
0.532445
0.244786
0.532869
0.376723
0.532872
0.531764
0.439252
0.531247
0.53256
0.524891
0.532868
0.532871
0.532236
0.522408
0.532856
0.532852
0.486569
0.532846
0.532872
0.532419
0.532872
0.532872
0.532859
0.524086
0.532872
0.532872
0.529712
0.527424
0.531776
0.531534
0.476606
0.532688
0.297518
0.532629
0.532862
0.532872
0.532859
0.532414
0.4961
0.423721
0.532781
0.532824
0.437669
0.53258
0.484238
0.492707
0.532872
0.478874
0.448964
0.532789
0.532852
0.526628
0.532872
0.301874
0.483539
0.525337
0.532872
0.530011
0.53212
0.532871
0.499045
0.532872
0.527519
0.159867
0.429473
0.532872
0.483396
0.532872
0.530231
0.371281
0.532871
0.532783
0.532872
0.525424
0.524642
0.532872
0.379894
0.532683
0.53237
0.504413
0.528015
0.532303
0.433803
0.532684
0.532471
0.532807
0.430573
0.531972
0.532872
0.532872
0.532872
0.530435
0.522518
0.532872
0.321233
0.283327
0.099216
0.502477
0.466687
0.532872
0.532872
0.516783
0.248876
0.494329
0.500689
0.532612
0.531958
0.532819
0.532863
0.352756
0.499942
0.374003
0.511519
0.466813
0.531953
0.442745
0.525966
0.532869
0.526373
0.516817
0.190302
0.343529
0.530033
0.531226
0.361771
0.515376
0.532872
0.532872
0.532855
0.28616
0.313503
0.525333
0.494559
0.532667
0.532839
0.530482
0.532872
0.532278
4.22069e-192
0.531011
0.532694
0.515352
0.530535
0.532862
0.530835
0.50472
0.356811
0.464714
0.4851
0.531887
0.532783
0.532839
0.53283
0.527529
0.305217
0.50677
0.530618
0.513998
0.532858
0.531653
0.476981
0.482614
0.532853
0.532048
0.532872
0.532872
0.156031
0.531509
0.532872
0.33176
0.221297
0.442878
0.524124
0.532872
9.89164e-31
0.527835
0.519225
0.531932
0.532838
0.532672
0.532825
0.532868
0.424572
0.532643
0.351545
0.531827
0.532765
0.532406
0.532872
0.526838
0.530671
0.5318
0.532872
0.420835
0.532491
0.530681
0.532606
0.532842
0.532417
0.447654
0.530483
0.532737
0.532872
0.340227
0.531821
0.532468
0.526393
0.500999
0.530838
0.363331
0.52377
0.258995
0.511364
0.530994
0.45914
0.532872
0.530896
0.532548
0.515213
0.532872
0.532872
0.53202
0.368623
0.508336
0.532853
0.228498
0.503407
0.526499
0.532248
0.532867
0.532869
0.51828
0.532172
0.53149
0.472986
0.53285
0.485282
0.53195
0.478977
0.151238
0.530139
0.525389
0.215829
0.532747
0.532777
0.472748
0.499366
0.222836
0.532841
0.479825
0.444383
0.532872
0.530193
0.368491
0.532793
0.53287
0.315553
0.532773
0.437969
0.532626
0.532872
0.530044
0.532283
0.486952
0.436059
9.80979e-166
0.389979
0.532321
0.51634
0.532871
0.517544
0.339668
0.532791
0.454872
0.532872
0.530522
0.451129
0.31286
0.532863
0.53287
0.532037
0.53284
0.514428
0.520619
0.531975
0.433383
0.532619
0.445362
0.506283
0.286729
0.532862
0.532868
0.532059
0.438525
0.508965
0.429546
0.532796
0.53287
0.532872
0.512028
0.524293
0.532675
0.532581
0.506779
0.532674
0.519883
0.532869
0.505599
0.532866
0.478057
0.532872
0.532872
0.353049
0.329785
0.532803
0.532843
0.532872
0.475064
0.532561
0.513038
0.530492
0.374063
0.532872
0.530867
0.532491
0.51698
0.508091
0.532737
0.483395
0.52339
0.532248
0.467714
0.482948
0.532865
0.320903
0.532872
0.532872
0.532837
0.479324
0.42796
0.531288
0.532872
0.532867
0.532872
0.532836
0.532096
0.469958
0.529319
0.436886
0.532533
0.530812
0.531368
0.532872
0.532242
0.517808
0.528988
0.508005
0.532872
0.524463
0.481874
0.518664
0.104588
0.532082
0.526617
0.532872
0.532595
0.436471
0.324055
0.532778
0.53287
0.274915
0.532872
0.532489
0.527643
0.532528
0.530204
0.531885
0.532869
0.532864
0.532686
0.532814
0.532847
0.528612
0.402609
0.53209
0.532685
0.415835
0.532872
0.532786
0.522436
0.522068
0.532872
0.532872
0.532872
0.532667
0.532872
0.530548
0.532872
0.532872
0.532872
0.532872
0.493108
0.532871
0.532594
0.504302
0.532872
0.532604
0.531041
0.532039
0.439065
0.532808
0.532869
0.502101
0.441638
0.508028
0.532828
0.410836
0.532872
0.532872
0.532872
0.502602
0.501935
0.532872
0.530849
0.408598
0.532862
0.531939
0.532872
0.530841
0.532872
0.466618
0.379103
0.532765
0.532611
0.524181
0.509906
0.532823
0.532872
1.25681e-69
0.532751
0.469738
0.532872
0.491119
0.532872
0.528238
0.532872
2.12874e-74
0.532773
0.53199
0.532831
0.51018
0.469635
0.532872
0.532871
0.532861
0.532872
0.234353
0.390104
0.532001
0.529713
0.532869
0.12155
0.532082
0.532872
0.531336
0.532871
0.532843
0.524324
0.531957
0.509387
0.502381
0.526594
0.532851
0.327792
0.532872
0.532857
0.532083
0.532086
0.509691
0.532847
0.532872
0.518255
0.444483
0.532872
0.495894
0.402762
0.532871
0.53103
0.52546
0.286338
0.532044
0.532872
0.532148
0.532276
0.531863
0.531621
0.532869
0.530117
0.51714
0.532872
0.532173
0.532624
0.447888
0.532852
0.504392
0.532872
0.426244
0.335677
0.532356
0.529715
0.532866
0.407783
0.485487
0.532026
0.532872
0.383148
0.530749
0.530875
0.525552
0.532761
0.532861
0.487334
0.532872
0.30967
0.526261
0.531502
0.532872
0.487127
0.532869
0.426526
0.524353
0.49739
0.529243
0.524947
0.5328
0.324604
0.52793
0.332742
0.507754
0.492367
0.532844
0.532872
0.52833
0.516973
0.391179
0.51461
0.532872
0.50333
0.284234
0.53262
0.405503
0.532872
0.527084
0.519931
0.532858
0.532821
0.216236
0.532872
0.354112
0.532867
0.523956
0.503869
0.531145
0.498953
0.532838
0.520777
0.532687
0.532862
0.530955
0.251365
0.532871
0.532488
0.532676
0.532872
0.532872
0.532716
0.525506
0.466964
0.532872
0.53285
0.528227
0.182338
0.529907
0.532872
0.303989
0.491219
0.532835
0.532866
0.50029
0.532392
0.532872
0.52206
0.532566
0.522002
0.0787611
0.532155
0.532858
0.532872
0.532258
0.322272
0.51855
0.532662
0.507105
0.532872
0.532872
0.532863
0.532872
0.532872
0.519063
0.529367
0.530472
0.532747
0.498173
0.532872
0.532872
0.528003
0.532869
0.532855
0.532434
0.531929
0.465953
0.530885
0.532724
0.368167
0.473351
0.531889
0.531502
0.53207
0.520363
0.532861
0.516353
0.53269
0.220821
0.486117
0.531195
0.383328
0.532458
0.530636
0.532872
0.523402
0.472793
0.445509
0.532849
0.532872
0.484328
0.487779
0.50701
0.407175
6.70522e-96
0.178655
0.53283
0.531532
0.375832
0.353858
0.532872
0.267872
0.532238
0.532866
0.484587
0.531823
0.260217
0.530828
0.530368
0.217231
0.53261
0.532872
0.532872
0.444143
0.187223
0.532868
0.525826
0.337517
0.532872
0.521635
0.36227
0.519909
0.532872
0.532448
0.532871
0.532872
0.532872
0.531461
0.526533
0.252636
0.531235
0.532872
0.532872
0.532872
0.512473
0.531347
0.532533
0.532761
0.478936
0.527051
0.390946
0.526685
0.442092
0.532863
0.532872
0.532872
0.52556
0.532832
0.532872
0.524324
0.44417
0.207147
0.194944
0.53266
0.532872
0.532871
0.532743
0.526563
0.371608
0.493358
0.465566
0.532872
0.532865
0.532855
0.480829
0.486297
0.532803
0.532195
0.526891
0.532731
0.524993
0.530126
0.532764
0.32681
0.532752
0.532872
0.515446
1.35564e-31
0.532872
0.532867
0.528834
0.532819
0.358837
0.330446
0.492379
0.532056
0.532872
0.532872
0.532872
0.474261
0.526844
0.532869
0.50826
0.355636
0.53193
0.482946
0.532871
0.532847
0.527358
0.381894
0.433804
0.491528
0.0966084
0.367024
0.532872
0.532806
0.532795
0.52937
0.532569
0.529595
0.524524
0.419929
0.516258
0.480038
0.365168
0.532871
0.532599
0.532867
0.528871
0.481788
0.529629
0.532518
0.532623
0.519438
0.532866
0.532842
0.532862
0.330507
0.532872
0.532822
0.530523
0.523884
0.47731
0.532579
0.272825
0.531223
0.51788
0.532872
0.512958
0.307512
0.482453
0.532825
0.0882968
0.506722
0.532872
0.532868
0.467293
0.442311
0.425799
0.525813
0.532872
0.532866
0.532669
0.532872
0.532872
0.515479
0.529371
0.41478
0.463696
0.498995
0.532871
0.462015
0.293248
0.532872
0.532872
0.348918
0.246621
0.532869
0.296038
0.532871
0.506737
0.529971
0.532872
0.492564
0.532789
0.532872
0.521831
0.532814
0.269772
0.532153
0.532643
0.532842
0.484438
0.308864
0.274992
0.419344
0.532757
0.52578
0.532818
0.463341
0.532872
0.3976
0.532871
0.357688
0.529431
0.514462
0.532872
0.532752
0.53287
0.532084
0.526994
0.329119
0.532872
0.335689
0.532027
0.531432
0.532872
0.527379
0.530458
0.532534
0.53201
0.532717
0.432185
0.532872
0.532872
0.519997
0.532872
0.532865
0.532872
0.532718
0.532331
0.532782
0.529401
0.481182
0.532807
0.372398
0.519384
0.51926
0.532779
0.512641
0.532872
0.532066
0.532868
0.532543
0.467888
0.529602
0.225967
0.532872
0.532778
0.489821
0.532341
0.532405
0.530936
0.472813
0.517593
0.532872
0.532851
0.507487
0.532872
0.527637
0.53287
0.496147
0.532857
0.487585
0.532811
0.233126
0.532732
0.506912
0.413819
0.532872
0.532084
0.401333
0.49318
0.322373
0.524309
0.527442
0.519485
0.532831
0.531374
0.447341
0.532154
0.532776
0.360027
0.36357
0.207541
0.519098
0.530774
0.529242
0.531146
0.532867
0.532858
0.531065
0.390942
0.530467
0.525995
0.328833
0.532871
0.530228
0.316895
0.525118
0.513915
0.475713
0.532866
0.532872
0.467358
0.450073
0.139218
0.493813
0.532871
0.532872
0.532872
0.531694
0.532439
0.53282
0.532724
0.532834
0.531908
0.468363
0.345808
0.297959
0.521451
0.494189
0.514714
0.511137
0.532871
0.532872
0.523728
0.506599
0.532872
0.532872
0.483559
0.532872
0.526844
0.0825622
0.487592
0.532872
0.509975
0.441384
0.532384
0.440978
0.52148
0.507006
0.5277
3.31369e-15
0.509721
0.442186
0.532841
0.524199
0.532854
0.532724
0.379559
0.431819
0.532872
0.532869
0.411065
0.325092
0.531202
0.263864
0.177669
0.507593
0.397884
0.467762
0.354044
0.532872
0.531247
0.530145
0.532872
0.532828
0.532872
0.525047
0.532862
0.531494
0.324993
0.531286
0.52514
0.523719
0.526737
0.528128
0.503351
0.526223
0.524263
0.532869
0.532871
0.522456
0.476813
0.39567
0.532872
0.532256
0.520457
0.532791
0.494182
4.23963e-23
0.532002
0.532871
0.529376
0.530411
0.371458
0.532452
0.525202
0.532821
0.488125
0.516188
0.352098
0.532858
0.532869
0.532675
0.532872
0.531965
0.354578
0.532872
0.532872
0.529745
0.532729
0.517632
0.479653
0.532872
0.532741
0.51967
0.505371
0.532871
0.426626
0.532872
0.431788
0.515198
0.458045
0.53283
0.523993
0.319248
0.532866
0.532871
0.532872
0.532872
0.523654
0.431303
0.53277
0.532185
0.531661
0.503786
0.44148
0.532771
0.531333
0.532872
0.412582
0.480226
0.532794
0.530848
0.401614
0.408778
0.532846
0.532869
0.423407
0.477726
0.513161
0.248928
0.503204
0.526011
0.527294
0.234912
0.530199
0.532872
0.532872
0.322201
0.495553
0.5291
0.466203
0.528275
0.522314
0.528076
0.532341
0.532872
0.53276
0.161178
0.51341
0.531821
0.45988
0.510938
0.53233
0.532872
0.520298
0.216154
0.532861
0.53112
0.387142
0.527063
0.520652
0.531008
0.532872
0.531764
0.522513
0.532872
0.532872
0.472057
0.421153
0.532861
0.472745
0.531186
0.53098
0.532867
0.496663
0.444566
0.532672
0.532872
0.532872
0.528322
0.529931
0.532872
0.517307
0.410901
0.51811
0.532872
0.532828
0.532739
0.175724
2.2485e-175
0.476228
0.531474
0.532855
0.529503
0.532872
0.53282
0.521802
0.528757
0.532866
0.488472
0.505357
0.53287
0.524053
0.5328
0.529124
0.294026
0.528009
0.476698
0.532868
0.532079
0.530316
0.532872
0.532683
0.530868
0.530618
0.344185
0.525536
0.531073
0.532872
0.329951
0.52605
0.532836
0.385643
0.522489
0.315813
0.484702
0.494448
0.499823
0.0786428
0.402142
0.527707
0.527948
0.532862
0.532872
0.532872
0.528233
0.232956
0.532707
0.500703
0.316103
0.530604
0.532872
0.485981
0.532872
0.532778
0.531127
0.532872
0.53211
0.532872
0.532862
0.522879
0.532859
0.5044
0.325218
0.532872
0.53256
0.530918
0.532765
0.502203
0.532857
0.53287
0.479025
0.532872
0.363154
0.532485
0.528665
0.53209
0.430446
0.52977
0.314144
0.532868
0.432406
0.530311
0.532871
0.532794
0.532872
0.305916
0.526784
0.527973
0.532872
0.532872
0.532249
0.47883
0.517979
0.532872
0.527836
0.515807
0.532035
0.532872
0.532872
0.531725
0.532872
0.532849
0.111332
0.526447
0.111814
0.521333
0.478396
0.532871
0.486639
0.532
0.532872
0.447831
6.21232e-117
0.532639
0.532871
0.529214
0.463216
0.526676
0.39378
0.505283
0.532863
0.532872
0.345065
0.532782
0.532872
0.427376
0.528332
0.532063
0.471033
0.531632
0.481548
0.531862
0.526128
0.532816
0.140463
0.365729
0.385476
0.490014
0.532818
0.531016
1.362e-10
0.496605
0.532869
0.532344
0.532866
0.532871
0.525442
0.532682
0.532523
0.532549
0.531637
0.532872
0.521157
0.528697
0.532689
0.532872
0.532863
0.532872
8.83315e-05
0.522531
0.521157
0.389373
0.532607
0.531985
0.532872
0.532841
0.532868
0.532872
0.53246
0.532872
0.529253
0.532697
0.450103
0.532872
0.484506
0.46855
0.529204
0.490959
0.532789
0.530282
0.527446
0.109968
0.512668
0.406205
0.498318
0.53287
0.528975
1.51514e-11
0.530694
0.463316
0.515791
0.532842
0.532869
0.532666
0.532735
0.532811
0.527898
0.532839
0.532863
0.532872
0.532872
0.37782
0.389406
0.532649
0.530657
0.529098
0.531776
0.363479
0.239498
0.516058
0.532872
0.48763
0.532872
0.459261
0.477122
0.532872
0.527886
0.503925
0.519237
0.532863
0.53189
0.512893
0.530356
0.462659
0.532791
0.532865
0.530936
0.532567
0.532869
0.530966
0.310659
0.339227
0.505037
0.532872
0.519035
0.434764
0.532865
0.532601
0.532866
0.512675
0.532843
0.531148
0.532868
0.527148
0.532868
0.530532
0.532829
0.532583
0.532872
0.412171
0.532872
0.213345
0.531607
0.242581
0.532872
0.532562
0.508911
0.531782
0.532762
0.532872
0.521401
0.532872
0.316847
0.532872
0.529424
0.4363
0.444808
0.532872
0.532598
0.142864
0.452125
0.532676
0.511253
0.53286
0.532872
0.262067
0.532848
0.528783
0.532872
0.532866
0.524082
0.532488
0.531631
0.461019
3.46568e-50
0.358296
0.532427
0.418557
0.532872
0.532872
0.479879
0.53287
0.289216
0.523811
0.514253
0.520452
0.532841
0.532872
0.494995
0.532868
0.491994
0.499254
0.530909
0.528056
0.532296
0.531121
0.351409
0.532872
0.520093
0.201532
0.532872
0.532844
0.532835
0.505636
0.531367
0.424687
0.53143
0.526757
0.532839
0.532327
0.532872
0.529997
0.448094
0.52966
0.532868
0.524179
0.532818
0.532841
0.532065
0.532872
0.296615
0.532872
0.524367
0.324085
0.532872
0.532872
0.08637
0.529705
0.389336
0.516713
0.532868
0.234743
0.532487
0.530216
0.532868
0.532836
0.328335
0.532854
0.389104
0.497678
0.532863
0.497995
0.532645
0.532872
0.413489
0.532872
0.523567
0.531449
0.532862
0.490294
0.512295
0.518612
0.532872
0.53124
0.532872
0.518788
0.526364
0.532872
0.520339
0.252656
0.532872
0.530608
0.531532
0.517477
0.501996
0.519266
0.532646
0.525756
0.532872
0.532869
0.510213
0.520199
0.532872
0.532872
1.4792e-29
0.470387
0.521014
0.50201
0.532843
0.436423
0.532872
0.532665
0.370547
0.15559
0.511918
0.532832
0.532064
0.445552
0.532871
0.529038
0.532872
0.523839
0.531926
0.532872
0.53266
0.532872
0.289001
0.467888
0.532872
0.532872
0.527241
0.507578
0.375629
0.531872
0.51241
0.532226
0.532872
0.532803
0.53189
0.506363
0.532434
0.532872
0.531418
0.532856
0.42468
0.532524
0.523331
0.50968
0.503644
0.532852
0.53202
0.389976
0.532239
0.532872
0.532872
0.481341
0.532872
0.419072
0.532857
0.532872
0.457394
0.532872
0.531861
0.532872
0.532872
0.375465
0.395904
0.522229
0.532856
0.524211
0.530763
0.528346
0.512801
0.528544
0.532718
0.532872
0.484428
0.520844
0.532871
0.532593
0.521137
0.532872
0.390999
0.528665
0.532872
0.532872
0.516942
0.532872
0.532872
0.377009
0.531552
0.531936
0.528617
0.532114
0.149608
0.532865
0.492101
0.532869
0.532863
0.532872
1.56752e-08
0.532869
0.532865
0.484521
0.53266
0.518617
0.494243
0.532733
0.440917
0.529289
0.532831
0.330806
0.52922
0.524226
0.532869
0.519674
0.532788
0.382521
0.528069
0.532872
0.504292
0.419234
0.338779
0.512255
0.411058
0.532872
0.532872
0.53285
0.522961
0.532792
0.504636
0.526844
0.532872
0.478948
0.411569
0.532867
0.520675
0.528621
0.492349
0.530107
0.530815
0.432493
0.526983
0.468882
0.532872
0.532872
0.532872
0.474064
0.532835
0.532833
0.420455
0.21287
0.491027
0.532763
0.510725
0.531093
0.521249
0.532375
0.494684
0.532355
0.532872
0.307744
0.391024
0.532178
0.528263
0.530918
0.134131
0.462322
0.496381
0.532872
0.526161
0.510658
0.532605
0.52552
0.431959
0.532872
0.523342
0.531407
0.532872
0.527927
0.528149
0.527774
0.502679
0.294332
0.532872
0.532845
0.532761
0.5296
0.532795
0.455647
0.532872
0.202017
0.521712
0.517755
0.497384
0.531512
0.532607
0.330095
0.53003
0.466096
0.532501
0.526482
0.532872
0.529941
0.53277
0.181242
0.532866
0.525497
0.532872
0.520884
0.532871
0.532872
0.532872
0.525864
0.532871
0.463904
0.532856
0.532838
0.507338
0.335795
0.532872
0.532872
0.532858
0.527051
0.532867
0.532872
0.532872
0.530335
0.532872
0.53272
0.532584
0.532632
4.31916e-13
0.326894
0.465685
0.531951
0.505757
0.487691
0.532872
0.525786
0.500429
0.518944
0.322569
0.532872
0.174096
0.532867
0.532872
0.43301
0.532872
0.514754
0.532872
0.526692
0.532869
0.532872
0.521176
0.457658
0.530924
0.474776
0.532872
0.349964
0.532728
0.52831
0.501399
0.521212
0.53287
0.532872
0.530315
0.459674
0.516903
0.532725
0.532861
0.52909
0.523156
0.532872
0.525604
0.532872
0.532401
0.20527
0.530916
0.529667
0.490101
0.527634
0.316975
0.532871
0.52077
0.472056
0.467158
0.532872
0.532872
0.499001
0.527257
0.532872
0.532866
0.532872
0.532827
0.532862
0.524583
0.532833
0.531972
0.475755
0.507199
0.519029
0.532872
0.456466
0.53284
0.427012
0.49473
0.532755
0.532665
0.532872
0.532872
0.0988122
0.532543
0.532872
0.346534
0.2471
0.260569
0.532463
0.532869
0.530685
0.519381
0.354439
0.529832
0.365707
0.532481
1.86332e-30
0.532643
0.518947
9.55118e-30
0.528068
0.339157
0.481098
0.393832
0.194226
0.532617
0.532872
0.490401
0.532872
0.488593
0.5304
0.528604
0.532872
0.519067
0.475372
0.485759
0.532756
0.507658
0.465472
0.532872
0.532872
0.532245
0.472554
0.529413
0.532872
0.500465
0.526261
0.532621
0.490392
0.213362
0.532837
0.532868
0.532872
0.532872
0.532845
0.323879
0.380067
0.532803
0.371513
0.531399
0.523057
0.518927
0.532686
0.532828
9.96663e-60
0.531058
0.529805
0.532703
0.532532
0.532872
0.442677
0.531558
0.464345
0.526215
0.532872
0.528116
0.514659
0.296577
0.532869
0.532872
0.532491
0.483958
0.39588
0.531749
0.532692
0.5325
0.525889
0.530702
0.532187
0.382849
0.526417
0.527136
0.532341
0.48709
0.262399
8.11515e-127
0.523983
0.531918
0.532241
0.492559
0.53287
0.500989
0.408637
0.531543
0.531983
0.510815
0.531621
0
0.15294
0.532683
0.528411
0.532595
0.155986
0.531826
0.532645
0.53164
0.475824
0.532872
0.25157
0.532871
0.529323
0.532866
0.398454
0.53129
0.427675
0.528049
0.532641
0.53201
0.488434
0.395002
0.530747
0.175688
0.532753
0.529857
0.41947
0.464101
0.5299
0.333251
0.49935
0.532404
0.532872
0.532872
0.455499
0.53276
0.532872
0.532465
0.120307
0.532517
0.529767
0.458452
0.532578
0.532872
0.532858
0.460094
0.532815
0.529409
0.532544
0.532865
0.532872
0.45118
0.532806
0.532869
0.530994
0.526844
0.532869
0.53282
0.532872
0.181846
0.531109
0.443567
0.532872
0.512118
0.53287
0.526496
0.532786
0.532465
0.522335
0.202982
0.532872
0.532872
0.532521
0.406715
0.528664
0.532196
0.53062
0.531786
0.466676
0.521109
0.532722
0.412551
0.52351
0.451009
0.53244
0.529484
0.532763
0.493841
0.532846
0.525884
0.532785
0.532403
0.532872
0.532817
0.527534
0.532818
0.432821
0.331468
0.532872
0.532841
0.464929
0.53282
0.515497
0.532681
0.532864
0.333287
0.530717
0.532867
0.209942
0.5318
0.532839
0.459455
0.516107
0.532837
0.219503
0.498493
0.496375
0.417405
0.532791
0.532769
0.532872
0.514157
0.368655
0.528521
0.53276
0.487101
0.532724
0.525918
0.247229
0.532872
0.149145
0.532073
0.531431
0.442938
0.532806
0.532872
0.478944
0.532836
0.532716
0.532872
0.53287
0.531077
0.531713
0.532867
0.52506
0.524375
0.523054
0.5302
0.522033
0.532872
2.28325e-108
0.418066
0.532872
0.532872
0.531812
0.532872
0.528994
0.497143
0.532033
0.518961
0.531999
0.450156
0.515044
0.532869
0.53283
0.531461
0.532872
0.225945
0.225983
0.5111
0.523169
0.449824
0.532872
0.531318
0.532782
0.532872
0.506602
0.340172
0.532861
0.532786
0.532676
0.532872
0.519672
0.32759
0.53286
0.532837
0.531502
0.530445
0.532826
5.45999e-43
0.529699
0.532819
0.532872
0.532863
0.53142
0.532869
0.494067
0.339948
0.531848
0.507617
0.465843
0.520581
0.531354
0.532759
0.519317
0.531655
0.446436
0.532871
0.53254
0.460343
0.529758
0.532303
0.278862
0.510826
0.488725
2.34187e-83
0.511723
0.450234
0.530156
0.528946
0.532864
0.531889
0.532869
0.532862
0.532869
0.528131
0.532851
0.532568
0.532872
0.358542
0.52701
0.33307
0.342998
0.49415
0.527804
0.532766
0.414011
0.0969368
0.527222
0.516287
0.51665
0.50466
0.522723
0.532847
0.532452
0.532872
0.532872
0.521818
0.508309
0.532828
0.463439
0.502259
0.532861
0.529343
0.511526
0.186387
0.530838
0.532872
0.51772
0.532749
0.141175
0.500043
0.376605
0.531558
0.532383
0.532872
0.357604
0.532266
0.53177
0.527548
0.136213
0.346593
0.531135
0.532784
0.531704
0.532871
0.532863
0.532316
0.0865161
0.531174
0.526516
0.532872
0.4692
0.503135
0.530962
0.309979
0.368536
0.532872
0.51072
0.469705
0.532872
0.529817
0.19586
0.531959
0.53282
0.528805
0.478517
0.532872
0.532858
0.532821
0.532872
0.126145
0.156199
0.222218
0.4513
0.530611
0.53242
0.246796
0.532605
0.529066
0.532178
0.48065
0.502857
0.484478
0.532734
0.532872
0.526372
0.529249
0.532872
0.532796
0.229396
0.519346
0.532872
0.187271
0.531593
0.532872
0.53105
0.532821
0.504587
0.527908
0.471976
0.532872
0.529215
0.473345
0.532744
0.508726
0.532872
0.522166
0.501555
0.531524
0.522299
0.529111
0.532867
0.528024
0.513951
0.528245
0.529413
0.532872
0.532812
0.440742
0.53287
0.532867
0.507014
0.526487
0.532339
0.532511
0.459095
0.53151
0.515218
0.502621
0.481481
0.532864
0.526021
0.478101
0.532807
0.532307
0.526539
0.518855
0.517532
0.532812
0.532872
0.259182
0.532872
0.481887
0.265201
0.0968297
0.364557
0.531718
0.511055
0.530328
0.532872
0.52043
0.455545
0.532609
0.525142
0.285549
0.504096
0.529875
0.495334
0.255199
0.532872
0.435449
0.532872
0.108679
0.0851998
0.532866
0.503965
0.532225
0.532851
0.477934
0.129488
0.531593
0.532856
0.532872
0.484002
0.525018
0.303502
0.532856
0.407319
0.21995
0.532865
0.10844
0.475782
0.506121
0.532845
0.530879
0.138482
0.532872
0.373786
0.481435
0.532871
0.33148
0.532872
0.229746
0.304521
0.285099
0.532763
0.532457
0.50104
0.256409
0.532872
0.531793
0.376954
0.532789
0.408479
0.532872
0.531937
0.515926
0.449715
0.34619
0.530743
0.532872
0.532872
0.532872
0.530763
0.532872
0.450008
0.39809
0.532872
0.509188
0.532872
0.532252
0.532214
0.532859
0.532872
8.29639e-15
0.526056
0.517734
0.523569
0.436599
0.532616
0.525125
0.375844
0.532872
0.532872
0.483237
0.532272
0.530707
0.485281
0.439058
0.532872
0.274117
0.532872
0.532799
0.3332
0.53207
0.532871
0.53108
0.47443
0.529918
0.385694
0.41815
0.532313
0.532802
0.420428
0.532872
0.497474
0.532459
0.532786
0.532872
0.532852
0.532872
0.532872
0.53126
0.53232
0.532872
0.442639
0.532421
0.532666
0.242389
0.531577
0.528317
4.657e-15
0.532851
0.365146
0.490235
0.462615
0.532622
0.532872
0.532872
0.532856
0.44792
0.495892
0.474888
0.532853
0.446541
0.532871
0.500787
0.334641
0.532869
0.374949
0.532872
0.508168
0.512355
0.531957
0.532362
0.343788
0.517649
0.532728
0.383111
0.532667
0.371442
0.43155
0.532872
0.523955
0.532245
0.532793
0.158681
0.222735
0.532806
0.521865
0.532843
0.454205
6.87561e-40
0.532872
0.332888
0.519512
0.316636
0.524043
0.532814
0.521808
0.0912957
0.237055
0.488769
0.53022
0.532872
0.532872
0.532515
0.529957
0.514969
0.532872
0.458013
0.525074
0.369213
0.532872
0.532799
0.532872
0.532872
0.406143
0.532818
0.532872
0.531456
0.52885
0.510125
0.210598
0.532645
0.532872
0.35019
0.532859
0.527596
0.446322
0.522214
0.442772
0.122037
0.532147
0.531842
0.532612
0.532872
0.531087
0.368139
0.532872
0.532872
0.525014
0.532871
0.532782
0.531013
0.532872
0.532872
0.532869
0.531998
0.522012
0.277209
0.532352
0.508823
0.516301
0.528787
0.414136
0.532514
0.531115
0.532872
0.532872
0.380938
0.516157
0.532617
0.52081
0.269351
0.531583
0.532872
0.532872
0.526793
0.532864
0.220608
0.532872
0.53284
0.126055
0.494001
0.518183
0.50787
0.53074
0.528898
0.280453
0.532783
0.45609
0.53286
0.53287
0.532321
0.532707
0.498065
0.532842
0.459286
0.532471
0.531401
0.526547
0.52516
0.532872
0.452956
0.532872
0.532861
0.531769
0.5304
0.532856
0.532753
0.526214
0.503747
0.386897
0.532866
0.516182
0.363468
0.532872
0.169106
0.532739
0.532872
0.159474
0.532537
0.119763
0.501686
0.532847
0.532872
0.532786
0.532871
0.525965
0.531219
0.526197
0.532872
0.308663
0.530113
0.522478
0.337266
0.532872
0.532815
0.524209
0.524728
0.525432
0.516875
0.376339
0.502451
0.532872
0.53273
0.346827
0.479277
0.532872
7.72164e-35
0.532866
0.508219
0.463469
0.532279
0.532831
0.439442
0.532629
0.532871
0.531997
0.532676
1.26184e-71
0.532872
0.532872
0.521271
0.346673
0.424464
0.325667
0.531733
0.335225
0.532872
0.529354
0.53252
0.529961
0.532872
1.9882e-13
0.53285
0.512211
0.426422
0.0772095
0.491421
0.529819
0.520538
0.509516
0.519234
0.532872
0.532843
0.462441
0.217681
0.532842
0.529486
0.532248
0.493983
0.532871
0.525342
0.524855
0.532868
0.532872
0.530738
0.532872
0.152388
0.53047
0.450631
0.532872
4.49652e-29
0.532872
0.507497
0.489687
0.518753
0.532861
0.516527
0.520976
0.531594
0.473465
0.532561
0.499782
0.532861
0.434454
0.525112
0.518701
0.304878
0.530979
0.522759
3.82551e-19
0.490426
0.532766
0.531974
0.440753
0.435526
0.513239
0.532872
0.531643
0.523442
0.506178
0.477476
0.519467
0.501484
0.532871
0.525377
0.419482
0.474868
0.532805
0.463525
0.410767
0.532872
0.464196
0.532872
0.532845
0.532827
0.460743
0.531763
0.524872
0.515277
0.532859
0.185916
0.5327
0.527553
0.532496
0.532872
0.532869
0.532872
0.525474
0.532841
0.532358
0.532868
0.532499
0.511332
0.532872
0.532645
0.532473
0.424257
0.532872
0.532495
0.532796
0.376395
0.32779
0.469522
0.318016
0.532872
0.498362
0.532871
0.532852
0.360952
0.532872
0.529818
0.448588
0.532872
0.531771
0.314472
0.200654
0.526676
0.532855
0.164332
0.530945
0.532872
0.530902
0.532843
0.223473
0.10112
0.486171
0.53285
0.169349
0.532872
0.513832
0.468376
0.532612
0.532872
0.531811
0.532872
0.278163
0.415851
0.532868
0.503247
0.532677
0.532871
0.361379
0.41265
0.274196
0.532872
0.530654
0.532565
0.167829
0.36048
0.532872
0.5088
1.18644e-38
0.509238
0.463614
0.532872
0.363425
0.532869
0.532854
0.532397
0.489194
0.522665
0.496374
0.498797
0.53287
0.491455
0.508603
0.393679
0.532872
0.532857
0.484747
0.476093
0.532556
0.470497
0.532872
0.532872
0.532869
0.532702
0.527801
0.532872
0.464282
0.307168
0.376824
0.500891
0.532678
0.50112
0.531997
0.482821
0.530666
0.532771
0.529578
0.247211
0.510764
0.484066
0.532082
0.528946
0.530117
0.532405
0.495657
0.532872
0.53091
0.532091
0.532872
0.532869
0.431409
0.531809
0.511077
0.52656
0.50396
0.532134
0.4577
0.439678
0.532872
0.531267
0.483575
0.531172
0.531605
0.339812
0.440884
0.53286
0.527548
0.532872
0.532872
0.532872
0.293609
0.532872
0.313293
0.459314
0.532417
0.236266
0.52189
0.531466
0.531048
0.532872
0.532711
0.406226
0.499001
0.491535
0.532739
0.519611
0.347081
0.497883
0.532872
0.532627
0.284164
0.499525
0.524425
0.516413
0.428199
0.484347
0.532872
0.532872
0.252748
0.506792
0.523323
0.482235
0.532872
0.531025
0.50873
0.532872
0.407316
0.470603
0.529317
0.485278
0.299193
0.532864
4.36238e-51
0.532872
0.532871
0.53284
0.532872
0.532869
0.532867
0.247156
0.532871
0.529047
0.532872
0.509129
0.532872
0.532869
0.518204
0.0916658
0.532872
0.43056
0.532848
0.47225
0.525775
0.532872
0.419986
0.532872
0.532819
0.532681
0.526812
0.437264
0.532872
0.53285
0.53277
0.532866
0.511033
7.36054e-124
0.365045
0.526471
0.532822
0.26419
0.530259
0.505253
0.240172
0.532365
0.52755
0.530866
0.350394
0.525582
0.53266
0.414524
0.392333
0.532872
0.493791
0.532872
0.29984
0.374385
0.255322
0.306016
0.108447
0.532872
0.532863
0.486553
0.377201
0.328393
0.532765
0.202664
0.33464
0.521887
0.520897
0.197109
0.532816
0.492138
0.456707
0.508733
0.532865
0.532872
0.532872
0.526381
0.532188
0.532798
0.532849
0.529289
0.53191
0.532872
0.396391
0.430833
0.532865
0.234688
0.523488
0.530781
0.518904
0.262301
0.392776
0.374806
0.532872
0.532598
0.525209
0.398397
0.532811
0.532872
0.207685
0.530509
0.50356
0.448541
0.474725
0.531299
0.525575
0.520817
0.132359
0.529677
0.532781
0.532872
0.532872
0.532406
0.469661
0.522166
0.492239
0.480227
0.521029
0.532788
0.439428
0.532872
0.527997
0.462285
0.474251
0.532872
0.419356
0.405263
0.532872
0.134897
0.414356
0.408839
0.522876
0.530465
0.532868
1.22031e-30
0.488473
0.428198
0.532835
0.525297
0.532872
0.532854
0.453409
0.493654
0.532871
0.532872
0.521313
0.531338
0.4481
0.509978
0.499294
0.498501
0.524324
0.494654
0.474069
0.532544
0.508205
0.516038
0.532869
0.366801
0.532868
0.524488
0.531653
0.515312
0.0475472
0.266288
0.5283
0.530071
0.532669
0.532872
0.313369
0.53286
0.501058
0.516098
0.214118
0.38004
6.38381e-44
0.284087
0.447197
0.532811
0.5326
0.532761
0.279874
0.5126
0.532764
0.532859
0.532872
0.53287
0.532871
0.522266
0.0781773
0.532114
0.496883
0.524818
0.234662
0.525574
0.0986045
0.532864
0.53287
0.361596
0.523705
0.489209
0.532856
0.532498
0.484608
0.532871
0.530612
0.530141
0.510513
0.531554
0.532811
0.532868
0.530411
0.532872
0.513324
0.532226
0.526482
0.396122
0.532872
0.532807
0.321144
0.529755
0.532796
0.53282
0.376113
0.532871
0.531773
0.52918
0.531359
0.303728
0.532543
0.476523
0.528108
0.485886
0.471622
0.527558
0.531954
0.509181
0.531703
0.490024
0.508873
0.509799
0.364437
0.532866
0.466056
0.511138
0.532872
0.428911
0.532734
1.74258e-13
0.532728
0.526899
0.531723
0.532701
0.45052
0.337328
0.512356
0.532331
0.528716
0.530983
0.365443
0.524561
0.532872
0.532034
0.532872
0.498089
0.528206
0.532871
0.47044
1.43849e-73
0.532799
0.531061
0.52077
0.532868
0.506123
0.473363
0.496438
0.526115
0.45374
0.523868
0.532816
0.459741
0.382179
0.531277
0.531341
0.491269
0.531365
0.532825
0.532872
0.532591
0.532768
0.531523
0.53287
0.458812
0.488879
0.529812
0.530362
0.531628
0.458672
0.490319
0.532738
0.530863
0.532777
0.499895
0.531501
9.08726e-32
0.510746
0.356617
0.507181
0.243707
0.528235
0.532695
0.532721
0.479476
0.311424
0.532865
0.531577
0.306645
0.311425
0.532867
0.532872
0.532872
0.53287
0.289964
0.407435
0.485402
0.51686
0.165924
0.508339
0.531367
0.16272
0.48634
0.524102
0.528974
0.531708
0.532611
0.512856
0.516784
0.52606
0.246974
5.51382e-91
0.532481
0.348298
0.532867
0.531825
0.46544
0.532871
0.448914
0.512454
0.526562
0.532872
0.53037
0.531975
0.441616
0.514426
0.532519
0.325185
0.301827
0.531127
0.526108
0.526904
0.532872
0.532865
0.53287
0.495651
0.519308
0.521512
0.530804
0.532872
0.532872
0.483964
0.531511
0.532872
0.532872
0.531283
0.529908
0.516326
0.465887
0.53287
0.532867
0.509771
0.532395
0.267372
0.522922
0.529559
0.531165
0.256527
0.462118
0.529522
0.532864
0.532809
0.512124
0.531754
0.532867
0.529911
5.30823e-196
0.531774
0.530263
0.532868
0.528253
0.508364
0.442197
0.419871
0.403806
0.532629
0.530194
0.531638
0.526301
0.532617
0.488642
0.532872
0.532872
0.530668
0.372698
0.520787
0.528101
0.532039
0.490289
0.532872
0.52947
0.529015
0.138291
0.310732
0.532552
0.413773
0.529569
0.413878
0.530225
0.48927
0.513445
0.4749
0.524526
0.522342
0.207674
0.532811
0.476734
0.42171
0.498572
0.523064
0.531433
0.261053
0.472268
0.494799
0.413555
0.512531
0.359918
0.463615
0.530792
0.525038
0.236529
0.512362
0.412597
0.532863
0.529917
0.446844
0.532664
0.531922
0.521446
0.53287
0.385971
0.532205
0.532872
0.532099
0.528517
9.22989e-80
0.516184
0.409684
0.527105
0.52608
0.435304
0.532407
0.530727
0.532871
0.506165
0.520515
0.506191
0.481081
0.528353
0.519401
0.532872
0.532872
0.525277
0.484595
0.531958
0.510154
0.532872
0.532651
0.530155
0.532872
0.524327
0.532792
0.496068
0.429751
0.53287
0.532562
0.532851
0.270305
0.514869
0.508032
0.0900519
0.529141
0.481389
0.51433
0.529491
0.530706
0.0947065
0.532823
0.53203
0.476223
0.532161
0.513045
0.532872
0.532836
2.2201e-97
0.334266
0.496306
0.509234
0.532651
0.532872
0.532597
0.508992
0.447923
0.524895
0.532872
0.530101
0.490487
0.269986
0.528137
0.532866
0.532161
0.51842
0.484493
0.498966
0.53205
0.529266
0.53277
0.465494
0.532871
0.532769
0.532638
0.37055
0.532871
0.530283
0.508615
0.517456
0.13383
0.490878
0.532345
0.136119
0.532872
0.532872
0.532751
0.515543
0.532867
0.529687
0.0995995
0.532466
0.236809
0.524988
0.497302
0.5193
0.523311
0.532872
0.486347
0.503793
0.275277
0.532861
0.532872
0.509163
0.532872
0.532836
0.528235
0.466017
0.53283
0.532872
0.51263
0.532872
0.338016
0.528382
0.382139
0.512864
9.21318e-69
0.532871
0.478891
0.369406
0.520195
0.447552
0.532872
0.532741
0.528541
0.522617
0.494505
0.532872
0.532872
0.532872
0.531845
0.514892
0.520381
0.485664
0.504947
0.502611
0.532872
0.528479
0.359729
0.290763
0.441381
0.532816
0.532862
0.530877
0.532715
0.51623
0.529633
0.531702
0.532654
0.530695
0.532872
0.168
0.532872
0.53287
0.529591
0.532872
0.532812
0.168762
0.498112
2.34942e-27
0.530265
0.53254
0.52759
0.532872
0.532191
0.487948
0.532786
0.525818
0.501661
0.356982
0.532857
0.532872
0.532872
0.532872
0.530399
0.529696
0.532871
0.378757
0.532692
0.532722
0.303705
0.532751
0.532823
0.532848
0.532872
0.532797
0.532755
0.532839
0.433172
0.520132
0.530969
0.532872
0.532866
0.532868
0.532202
0.532872
0.170411
0.514785
0.510177
0.478916
0.532872
0.525844
0.0892799
0.49006
0.348939
0.532657
0.51018
0.447109
0.532852
0.532843
0.50981
0.532385
0.532872
0.0976681
0.508819
0.532863
0.339108
0.53284
0.45629
0.419674
0.514683
0.532759
0.531587
0.477899
0.532872
0.532865
0.517015
0.532738
0.529968
0.532839
0.53024
0.532712
0.531077
0.532872
0.532535
0.516388
0.532871
0.447854
0.530427
0.532872
0.53287
0.507303
0.39583
0.53287
0.532872
0.214379
0.532872
0.525498
0.388467
0.362169
0.532872
0.532872
0.532867
0.522354
0.532872
0.532872
0.532862
0.531173
0.532577
0.23863
0.0814016
0.532829
0.518034
0.518471
0.532563
0.532844
0.530896
0.356367
0.509598
0.532355
0.532872
0.531801
0.416268
0.532872
0.53119
0.532872
0.529898
0.532872
0.532872
0.523408
0.527044
0.0820052
0.497548
0.531121
0.53284
0.532866
0.532781
0.518387
0.532865
0.532872
0.486677
0.532872
0.532539
0.532706
0.532821
0.532244
0.116754
0.49032
0.532872
0.532774
0.468265
0.512636
0.463572
0.400658
0.491352
0.51349
0.518811
0.530352
0.528049
0.532566
0.480575
0.531904
0.532872
0.532872
0.44857
0.528747
0.477581
0.532872
0.508117
0.532814
0.520881
0.515201
0.523506
0.532479
0.532619
0.519165
0.46297
0.532268
0.532139
0.531084
0.32362
0.507242
0.407459
0.532844
0.17276
0.445362
0.53278
0.532872
0.527711
0.53284
0.26478
0.529625
0.532872
0.486334
0.227926
0.532872
0.532866
0.532869
0.532872
0.297485
0.118225
0.531292
0.532872
0.525541
0.523687
0.423116
0.481492
0.523695
0.530723
0.532674
0.497924
0.529994
0.532871
0.5326
0.52331
0.525342
0.433664
0.507264
0.532813
0.532872
0.452779
0.532869
0.515243
0.532872
0.532872
0.518514
0.532872
0.514169
0.141015
0.371494
0.53287
0.519511
0.53287
0.345724
0.519826
0.528557
0.525938
0.525577
0.530261
0.384088
0.53199
0.532809
0.501095
0.479795
0.532059
0.530986
0.527338
0.531216
0.411986
0.532862
0.532872
0.531167
0.525431
0.532872
0.532871
0.505603
0.532809
0.532872
0.462891
0.532658
0.513199
0.518923
0.52946
0.532872
0.498697
0.38205
0.531906
0.514074
0.532872
0.532864
0.228486
0.529645
0.49971
0.467094
0.532872
0.532866
0.531623
0.316623
0.521852
0.53275
0.532871
0.360228
0.532794
0.470167
0.532872
0.532662
0.520558
0.263699
0.532872
0.449736
0.531166
0.532816
0.493781
0.515311
0.530989
0.532868
0.532854
0.50859
0.513846
0.528966
0.532651
0.511825
0.532872
0.532872
0.532872
0.503068
0.526984
0.532501
0.532856
0.494794
0.507335
0.532663
0.531122
0.530847
0.203763
0.526105
0.250717
0.527937
0.53286
0.531084
0.532871
0.532706
0.493613
0.527144
0.532867
0.37659
0.531919
0.532767
0.53241
0.532872
0.532842
0.531731
0.527402
0.532872
0.516231
0.492682
0.532872
0.359655
0.532872
0.525163
0.486824
0.531803
0.527072
0.399273
0.532212
0.352008
0.532872
0.532665
0.532774
0.532517
0.383446
0.532872
0.509483
0.53272
0.528152
0.506308
0.523636
0.159839
0.451977
0.532283
0.532871
0.456548
0.532716
0.264521
0.210536
0.520096
0.532767
0.532872
0.500315
0.532819
0.531915
0.532872
0.435205
0.532858
0.179541
0.532504
0.379696
0.532863
0.532579
0.532829
0.532855
0.532413
0.532342
0.532104
0.532872
0.494082
0.532865
0.526989
0.531981
0.532872
0.532871
0.411317
0.53287
0.532862
0.532872
0.100219
0.532872
0.531384
0.518262
0.532872
0.529172
0.294392
0.532666
0.33686
0.532866
0.466044
0.532872
0.532872
0.532872
0.532798
0.515865
0.532872
0.529414
0.444525
0.532872
0.532856
0.532871
0.532571
0.273092
0.363739
0.476354
0.532872
0.52457
0.530444
0.52327
0.450893
0.365465
0.532817
0.53287
0.475998
0.529935
0.532872
0.532872
0.532869
0.524733
0.390689
0.530386
0.532867
0.532866
0.495489
0.510122
0.532872
0.459594
0.532872
0.15992
0.532866
0.532872
0.452002
0.527354
0.532852
0.532864
0.532867
0.532872
0.532872
0.523719
0.53287
0.523518
0.532279
0.336603
0.521717
0.521528
0.440741
0.342263
0.520168
0.532872
0.532865
0.353481
0.451995
0.462793
0.411712
0.529108
0.343899
0.530092
0.495368
0.413463
0.45525
0.532872
0.260688
0.532872
0.532872
0.528315
0.532834
0.231483
0.320004
0.532822
0.532795
0.505134
0.388888
0.532864
0.532868
0.525184
0.532289
0.532863
0.532872
0.525005
0.51701
0.495329
0.532872
0.532861
0.531559
0.532872
0.45502
0.433348
0.171864
0.526629
0.530538
0.532486
0.53282
0.142874
0.483681
0.377985
0.119682
0.531621
0.468496
0.521704
0.532872
0.532872
0.532872
0.532579
0.532863
0.406491
0.216496
0.531007
0.530207
0.532728
0.531886
0.532742
0.532846
0.526382
0.521011
0.532872
0.532872
0.532866
0.530499
0.531414
0.531254
0.52721
0.532196
0.222963
0.526873
0.53266
0.393212
0.529923
0.502284
0.453047
0.532872
0.528341
0.532659
0.498389
0.532862
0.528828
0.40182
0.512065
0.53287
0.532872
0.532872
0.12595
0.191315
0.532872
0.53279
0.530298
0.532871
0.531517
0.527864
0.53177
0.506025
0.520918
0.506483
0.532872
0.532872
0.0895196
0.45749
0.532549
0.53231
0.532863
0.456101
0.532849
0.532872
0.495899
0.532477
0.532872
0.532845
0.358698
0.532852
0.530011
0.398264
0.532872
0.509997
0.525101
0.510524
0.532872
0.504869
0.437605
0.532872
0.524981
0.479299
0.532869
0.442489
0.490391
0.532872
0.531573
0.499324
0.532675
0.532872
0.526324
0.463408
0.440489
0.532732
0.179603
0.168941
0.515283
0.532851
0.340315
0.532872
0.531718
0.521737
0.532807
0.336814
0.532866
0.520724
0.532872
0.384455
0.532872
0.532871
0.532866
0.532748
0.472104
0.531218
0.51978
0.53287
0.514305
0.455203
0.523552
0.532872
0.383958
0.244832
0.49309
0.532872
0.338663
0.519707
0.532872
0.532872
0.532872
0.390807
0.507272
0.531242
0.403092
0.532872
0.532872
0.532872
0.532719
0.441524
0.529974
0.532872
0.532872
0.500732
0.489997
0.532492
0.529895
0.532872
0.531718
0.513725
0.53286
0.532872
0.199315
0.532537
0.532776
0.456571
0.279018
0.532872
0.531806
0.532871
0.167673
0.532777
0.445255
0.532872
0.493134
0.477668
0.532872
0.532872
0.526022
0.532843
0.532872
0.290501
0.532872
0.520864
0.33839
0.531795
0.294396
0.532872
0.52746
0.532849
0.518215
0.489105
0.532862
0.502508
0.379212
0.532872
0.532861
0.438743
0.447483
0.532872
0.532441
0.479055
0.525847
0.308031
0.522413
5.31265e-237
0.439981
0.525352
0.532565
0.532871
0.531705
0.53168
0.528005
0.532516
0.532635
0.532872
0.532872
0.532872
0.53284
0.527098
0.436862
0.532089
0.312199
0.492844
0.385703
0.532872
0.236983
0.532826
0.446339
0.532767
0.532807
0.483056
0.531087
0.532063
0.532872
0.390903
0.399756
0.532847
0.531755
0.532872
0.532846
0.469508
0.532179
0.53287
0.532514
0.369071
0.53109
0.442738
0.532848
0.41223
0.511271
7.08715e-14
0.527653
0.532864
0.532794
0.495689
0.532823
0.403501
0.411715
0.532454
0.5319
0.531598
0.50748
0.474853
0.3041
0.515503
0.532872
0.525655
0.308421
0.532867
0.522225
0.531988
0.486046
0.532872
0.532872
0.37754
0.532872
0.505088
0.431448
0.502847
0.532068
0.531643
0.440037
0.531483
0.532865
0.487315
0.456362
0.52403
0.532872
0.532872
0.532847
0.526232
0.532872
0.523427
0.532872
0.4943
0.53287
0.532872
0.527257
0.532872
0.532096
0.448268
0.526014
0.169899
0.529333
0.518034
0.532824
0.532179
0.47865
0.532862
0.374349
0.532846
0.519405
0.532872
0.532672
0.532551
0.5257
0.532312
0.529582
0.528694
0.532872
0.523307
0.532245
0.531762
0.505966
0.529642
0.531999
0.532838
0.532142
0.356869
0.252788
0.532872
0.501932
0.483227
0.523097
0.532872
0.530863
0.530904
0.393116
0.427384
0.173357
0.527006
0.532872
0.514322
0.532519
0.53287
0.530483
0.532842
0.5323
0.433834
0.532872
0.256273
0.4033
0.336386
0.532872
0.53282
0.532165
0.532872
1.40085e-54
0.513797
0.528834
0.528249
0.531188
0.532868
0.528374
0.532627
0.529599
0.532872
0.532872
0.528155
0.497335
0.415034
0.532662
0.532871
0.51807
0.532628
0.479341
0.532216
0.163444
0.405288
0.532785
0.532761
0.532276
0.532872
0.532469
0.532872
0.532344
0.53287
0.500427
0.514907
0.456903
0.532756
0.532772
0.532767
0.528563
0.223289
0.530584
0.532864
0.528372
0.356397
0.532839
0.532872
0.532171
0.532543
0.532734
0.531133
0.53072
0.531389
0.532771
0.491986
0.532522
0.117024
0.52721
0.531696
0.532872
0.532872
0.231352
0.532872
0.513599
0.513591
0.529485
0.5328
0.407716
0.532869
0.532871
0.519498
0.531313
0.523977
0.532716
0.48947
0.53286
0.516647
0.528356
0.532868
0.521135
0.528487
0.532808
0.463056
0.532847
0.515193
0.532317
0.532872
0.532872
0.524382
0.532872
0.53281
0.519706
0.531822
0.526404
0.427521
0.522936
0.532833
0.532872
0.471785
0.129593
0.4462
0.532682
0.485206
0.532823
0.532848
0.532098
0.442135
0.53287
0.466952
0.532849
0.474501
0.281138
0.532872
0.532872
0.471948
0.212118
0.514361
0.53284
0.532858
0.515069
0.532872
0.498195
0.532752
0.532872
0.532872
0.505919
0.45771
0.419922
0.425915
0.519709
0.532871
0.529848
0.530555
0.532858
0.520366
0.530157
0.51329
0.515915
0.519874
0.532872
0.532872
0.532869
0.528172
0.488459
0.519023
0.532824
0.531057
0.532166
0.531975
0.481672
0.5327
0.5089
0.516351
0.532872
0.502296
0.532872
0.532295
0.532799
0.475782
0.529963
0.522099
0.499911
0.419237
0.532867
0.232257
0.500002
0.474507
0.53287
0.470395
0.527965
0.439746
1.408e-84
0.485341
0.347516
0.305581
0
0.53283
0.457127
0.532872
0.532872
0.532856
0.529064
0.532862
0.532572
0.521416
0.530655
0.531318
0.532845
0.532387
0.532862
0.532196
0.459681
0.532867
0.53133
0.448629
0.532872
2.68237e-57
0.532855
0.524461
0.532815
0.532302
0.500412
0.466121
0.526627
0.515692
0.532849
0.529712
0.530871
0.532868
0.51949
0.483087
0.52179
0.506171
0.53267
0.532863
0.487158
0.532866
0.532848
0.532633
0.524853
0.532518
0.532849
0.532871
0.515035
0.485826
0.422548
2.37576e-35
0.528091
0.288382
7.13966e-62
0.490572
3.16347e-05
0.530424
0.528933
0.532385
0.531233
0.395228
0.532872
0.53287
0.532871
0.526329
0.528688
0.53285
0.532831
0.532693
0.531171
0.532872
0.464668
0.387937
0.25211
0.532626
0.526739
0.532871
0.52721
0.29425
0.489436
0.230072
0.274797
0.526094
0.496893
0.429231
0.418609
0.532816
0.464228
0.446586
0.53023
0.532836
0.532718
6.56027e-10
0.470384
0.532872
0.477837
0.504756
0.511006
0.532871
0.532574
0.532811
0.532261
0.531617
0.532867
0.532872
0.532862
0.112479
0.428623
0.397101
0.532872
0.359394
0.379836
0.532827
0.443628
0.530944
0.532872
0.489354
0.532079
0.532859
0.532872
0.517132
0.463588
0.532872
0.532872
0.532872
0.473069
0.530102
0.500279
0.470548
0.531204
0.512239
0.532833
0.532871
0.532585
0.31077
0.417051
0.532872
0.532872
0.490726
0.529048
0.532872
0.53286
0.532872
0.460794
0.479039
0.512671
0.532872
5.38317e-14
0.532071
0.46343
0.328027
0.468453
0.407278
0.497742
0.532872
0.532871
0.532751
0.532853
0.531226
0.43262
0.244285
0.507126
0.526108
0.521969
0.143287
0.120827
0.532872
0.532122
0.525599
0.531591
0.405644
0.532752
0.232656
0.281255
0.53259
0.532094
0.532872
0.458956
0.187981
0.532074
0.528443
0.532872
0.247307
1.39331e-36
0.527971
0.516573
0.47518
0.532872
0.435985
0.532033
0.522762
0.532769
0.532871
0.529148
0.532872
0.38031
0.528578
0.510278
0.530491
0.532872
0.524365
0.531123
0.529185
0.532715
0.526298
0.531967
0.488879
0.531689
0.512228
0.514158
0.53285
0.532816
0.528599
0.531331
0.517341
0.504433
0.532872
0.522075
0.532872
0.509254
0.151646
0.522762
0.330158
0.504023
0.512782
0.290767
0.532122
0.532043
0.532843
0.519854
0.523391
0.532872
0.276856
8.68805e-148
0.526974
0.517079
0.520992
0.532772
0.487191
0.282135
0.532872
0.532201
0.532834
0.532861
0.506833
0.468614
0.532872
0.532827
0.532872
0.489018
0.360904
0.508751
0.525474
0.418286
0.528783
0.53215
0.531202
0.512291
0.352128
0.517926
0.532865
0.532871
0.532872
0.524931
0.531164
0.532872
0.532442
0.457711
0.401592
0.532748
0.532658
0.532604
0.503951
0.532206
0.532872
0.532803
0.532857
0.530833
0.521842
0.321927
0.52849
0.528047
0.532769
0.53285
0.459705
0.532872
0.529068
0.434517
0.532524
0.315576
0.46459
0.53144
0.532837
0.527905
0.532872
0.52766
0.532871
0.489652
0.532072
0.362164
0.532872
0.530838
0.49765
0.532523
0.404303
0.49184
0.475715
0.513178
0.532872
0.53287
0.532383
0.532872
0.530283
0.532872
0.0907585
0.532644
0.53122
0.350779
0.437017
0.532835
0.532756
0.532113
0.532002
0.532859
0.532803
0.178336
0.494873
0.114579
0.287998
0.435987
0.196777
0.530476
0.527821
0.503124
0.411047
0.532867
0.295434
0.138584
0.532138
0.522927
1.03695e-126
0.50928
0.532824
0.532872
0.532872
0.532182
0.532869
0.331177
0.490396
0.532869
0.524635
0.532859
2.40616e-77
0.532805
0.220655
0.486833
0.532868
0.532017
0.42005
0.532872
0.531308
0.267468
0.532596
0.302221
0.532872
0.532466
0.502788
0.484382
0.53285
0.504254
0.524669
0.52099
0.511598
0.412379
0.358465
0.53282
0.527559
0.127654
0.441518
0.528982
0.532872
0.463158
0.26319
0.519565
0.532872
0.532872
0.532723
0.531148
0.53287
0.532391
0.413547
0.52123
0.529089
1.74696e-100
0.449155
0.522273
0.424028
0.530553
0.532872
0.0882954
0.526152
0.531516
0.494647
0.532872
0.532872
0.519206
0.532518
0.421463
0.532439
0.271048
0.532376
0.532864
0.532872
0.532483
0.532788
0.52471
0.52649
0.505169
0.52511
0.532872
0.521766
0.532871
0.532369
0.162625
0.338465
0.532863
0.513166
0.532861
0.48515
0.53264
0.37987
0.530342
0.532872
0.532872
0.532799
0.529746
0.532872
0.532862
0.532424
0.532865
0.12949
0.532119
0.532692
0.492602
0.508951
0.531065
0.519906
0.532796
0.44541
0.532747
0.525044
0.532872
0.532871
0.325754
0.532872
0.530899
0.532872
0.362826
3.67783e-34
0.532872
0.432012
0.517398
0.392775
0.532221
0.532857
0.53286
0.530744
0.531402
0.424402
0.521292
0.532872
0.532616
0.532551
0.532858
0.532262
0.532461
0.532161
0.5265
0.52637
0.532827
0.532872
0.529626
0.408551
0.500892
0.532872
0.356148
0.532824
0.490275
0.522542
0.532872
0.53268
0.532872
0.532872
0.532706
0.480828
0.532872
0.532871
0.532872
0.480814
0.527938
0.532868
0.532872
0.344049
0.514523
0.380425
0.366328
0.531952
0.515702
0.521897
0.466892
0.532869
0.470603
0.443131
0.496902
0.160989
0.53273
0.532642
0.532339
0.525914
0.462317
0.532872
0.532867
0.532872
0.497833
0.527341
0.509075
0.532872
0.532857
0.532872
0.503888
0.464311
0.528481
0.332677
0.532872
0.469566
0.532166
0.531072
0.529538
0.375428
0.530824
0.519478
0.53281
0.532872
0.247441
0.530437
0.459144
0.361222
0.532091
0.532872
0.499462
0.520479
0.245398
0.532872
0.394764
0.532854
0.532872
0.109232
0.532182
0.376331
0.532795
0.523151
0.312351
0.423294
0.277922
0.532835
0.532815
0.532872
0.526317
0.532429
0.462485
0.520088
0.532309
0.284817
0.514109
0.531229
0.524826
0.532761
0.53287
0.530517
0.524026
0.394636
0.532872
0.532871
0.262015
0.461623
0.532632
0.436114
0.532386
0.518715
0.532868
0.270755
0.450048
0.510388
0.311452
0.502483
0.462386
0.387546
0.532872
0.522916
0.309259
0.532113
0.5328
0.532854
0.472792
0.532872
0.52026
0.532872
0.532811
0.532657
0.532849
0.52062
0.528551
0.532872
0.532872
0.532863
0.532871
0.532096
0.532872
0.166592
2.56191e-31
0.492584
0.527458
0.532345
0.521593
0.403314
0.532872
0.532855
0.532872
0.532872
0.532864
0.532871
0.532848
0.532872
0.495409
0.532872
0.532872
0.532872
0.464621
0.504224
0.532809
0.529606
0.532341
0.532845
0.53212
0.376734
0.532872
0.532849
0.532653
0.513159
0.530417
0.532872
0.532858
0.459168
0.529411
0.502059
0.127527
0.532811
0.497883
0.520913
0.532872
1.2423e-54
0.532872
0.532047
0.52134
0.531512
0.532542
0.532684
0.532864
0.447342
0.531528
0.532865
0.531653
0.093666
0.516372
0.44678
0.494392
0.532687
0.532872
0.530573
0.53181
0.528534
0.532821
0.386192
0.530596
0.190633
0.352111
0.53287
0.532483
0.531785
0.53287
0.532872
0.532237
0.49581
0.532868
0.531427
0.532856
0.530665
0.532737
0.514232
0.529011
0.53216
0.532872
0.470649
0.47927
0.523268
0.532872
0.532872
0.494463
0.532872
0.523126
0.444642
0.172489
0.532872
0.532872
0.520643
0.532842
0.17448
0.431246
0.530807
0.520314
0.267711
0.388631
0.262288
0.532872
0.211562
0.532703
0.532872
0.530938
0.207447
0.531696
0.5168
0.532872
0.0815045
0.142401
0.532527
0.527211
0.532872
0.421627
0.531085
0.500915
0.526375
0.526003
0.532872
0.470304
0.42645
0.290783
0.532872
0.524105
0.532872
0.532872
0.52983
0.519926
0.53287
0.532348
0.412125
0.0844615
0.512778
0.532872
0.532872
0.447165
0.467477
0.529548
0.525808
0.532586
0.532823
0.488315
0.494347
0.382285
0.513571
0.532396
2.35598e-21
0.298359
0.532173
0.163817
0.532792
0.532389
0.218086
0.432996
0.320018
0.532868
2.36503e-19
0.418317
0.360129
0.522409
0.494322
0.532872
0.529687
0.528019
0.532872
0.532872
0.213973
0.474014
0.520891
0.529935
0.519723
0.414594
0.532637
0.254874
0.380766
0.532872
0.53287
0.532872
0.5303
0.532816
0.532867
0.531084
0.532842
0.516155
0.53287
0.530389
0.531665
0.396428
0.494141
0.532863
0.502808
0.527044
0.532872
0.532872
0.532872
0.532872
0.524798
0.423831
0.532872
0.453727
0.532872
0.531356
0.532865
0.5297
0.532872
0.532867
0.525605
0.530817
0.527111
0.320306
0.532468
0.523599
0.532872
0.3586
0.435055
0.0872831
0.532872
0.532872
0.532405
0.532872
0.508331
0.511264
0.52514
0.532872
0.532773
0.475737
0.532855
0.523126
0.471226
0.509553
0.157462
0.532872
0.529594
0.213264
0.532739
0.0906605
0.518278
0.193617
0.532864
0.479478
0.532871
0.502832
0.532805
0.532872
0.532732
0.532858
0.431303
0.490075
0.521427
0.532867
0.158092
0.502741
0.527218
0.532872
0.529282
0.532872
0.504384
0.53244
0.532861
0.457823
1.96762e-50
0.532872
0.491993
0.532872
0.263805
0.532872
0.52305
0.471836
0.446554
0.522975
0.527974
0.532872
0.524403
0.424245
0.532557
0.532745
0.531478
0.532784
0.522622
0.532872
0.431401
0.467724
0.532872
0.529841
0.480997
0.340288
0.528183
0.532872
0.532865
0.531318
0.509865
0.524966
0.276308
0.532412
0.322245
0.532872
0.525386
0.501322
0.513288
0.532872
0.532872
0.532869
0.532354
0.532852
0.532841
0.532872
0.531905
0.532566
0.532843
0.513288
0.499511
0.532872
0.433323
0.532872
0.532872
0.532871
0.532872
0.519454
0.508125
0.532736
0.378002
0.513345
0.515052
0.532872
0.532872
0.500863
0.532832
0.522265
0.532542
0.271762
0.530509
0.532682
0.532863
0.532757
0.149565
0.532828
0.532871
0.532872
0.0991658
0.183296
0.532531
0.44214
0.525569
0.49807
0.195324
0.532425
0.531737
0.498739
0.532497
0.512238
0.532844
0.531355
0.274871
0.529134
0.532599
0.527394
0.531871
0.532559
0.532774
0.532856
0.490687
0.523814
0.532872
0.411781
0.130996
0.431859
0.532295
0.527218
0.532872
0.532872
0.532872
0.397364
0.492695
0.532853
0.477765
0.532538
0.532872
0.532864
0.532872
0.470919
0.532283
0.532863
0.529901
0.532858
0.532872
0.527015
0.528003
0.532395
0.527492
0.530527
0.526212
0.462594
0.532338
0.532872
0.532862
0.530721
0.532299
0.532872
0.532717
0.532872
0.486038
0.532727
0.299303
0.532872
0.159095
0.452786
0.532872
0.532761
0.531617
0.532857
0.520662
0.521091
0.530221
0.500587
0.103974
0.531837
0.532872
0.532872
0.532872
0.221818
0.53286
0.531491
0.5301
0.532375
0.370439
0.532867
0.508735
0.32378
0.521558
0.532592
0.532669
0.532867
0.382321
0.530682
0.52325
0.531186
0.527219
4.40103e-21
0.532631
0.399791
0.530687
0.532841
0.532872
0.530308
0.532714
0.433172
0.532844
0.53287
0.532862
0.532872
0.532869
0.228524
0.524064
0.528146
0.532872
0.532865
0.532872
0.532334
0.525737
0.532871
0.468326
0.271074
0.532872
0.529456
0.532872
0.532355
0.532836
0.370311
0.532856
0.528487
0.0906617
0.369202
0.532703
0.264943
0.3867
0.5316
0.531233
0.532673
0.522377
0.500068
0.532531
0.532872
0.530491
0.457463
0.532794
0.53266
0.532851
0.48713
0.532755
0.462485
0.396291
0.527761
0.532593
0.459711
0.529364
0.532861
0.532847
0.478602
0.532656
0.532801
0.532276
0.532872
0.498036
0.37558
0.531808
0.436395
0.509521
0.526708
0.531863
0.514664
0.289161
0.497498
0.532514
0.49591
0.532872
0.521621
0.532783
0.464869
0.532439
0.385379
0.532872
0.532872
0.531532
0.532855
0.532835
0.532872
0.505759
0.182454
0.532869
0.525485
0.532872
0.532872
0.532871
0.532842
0.50293
0.527586
0.532857
0.532862
1.4564e-193
0.528705
0.532872
0.482466
0.532872
0.486774
0.524996
0.532872
0.379349
0.532284
0.532695
0.532622
0.5324
0.501037
0.532664
0.531842
0.532872
0.532855
0.264644
0.532872
0.532606
0.325619
0.532114
0.52861
