0.727657
-0.168118
-0.85059
0.434207
-0.842424
0.255854
0.460377
0.69289
0.37585
0.361657
-0.691713
-0.0735072
0.649025
-0.673573
-0.467972
-1.00987
0.594699
-0.0619688
0.933615
0.0673953
-0.557658
-0.127283
0.257361
0.122606
-0.541037
-0.209663
-0.439003
-0.486995
-0.73523
0.431615
-0.476457
-0.597203
-0.00527187
-0.763161
0.528796
0.174685
-0.667798
-0.203026
-0.716117
0.674307
0.794075
-1.08423
-0.0575443
0.552901
0.873281
-0.116231
0.330959
-0.192422
-0.727184
0.308571
-0.20568
-0.325532
-0.880006
0.314239
-0.41096
0.122791
0.253124
0.537622
0.683434
0.132567
-0.969012
-0.0612202
-0.783248
0.1426
-0.679992
0.141765
0.00887282
0.405418
-0.432004
0.0836715
-0.668864
0.0502255
-0.216347
0.441053
-0.753284
-0.998617
0.909751
0.0937222
0.262865
-0.761058
0.0334194
-0.51888
-1.01738
16.7613
0.407942
-0.170481
-0.0857996
-0.0304094
-0.486678
-0.706186
-0.85269
-0.932283
0.0304998
-0.0875907
-0.218662
-0.945764
0.856062
0.42418
0.623726
-0.862277
0.826165
0.28316
0.554935
0.509855
-0.0534613
-1.03166
-0.312846
0.0951949
0.671246
0.359542
0.472366
0.786139
-0.0648139
-0.681965
0.0314481
-0.4127
0.886891
0.682965
0.210082
0.0671962
0.973827
0.16527
-0.182836
0.569691
1.00167
-0.677999
-0.0497718
-0.29827
-0.780285
0.741544
0.859295
0.0294618
0.696779
0.166454
-0.368387
0.143116
0.658229
-0.0591125
0.767449
-0.988813
-0.316794
-1.04948
-0.871129
-0.867485
-0.199113
0.030842
-0.545984
0.306249
0.501154
-0.539739
-2.46655
-0.58118
0.13916
0.865892
-0.0517247
-0.234668
0.240344
-0.055685
0.517165
0.534195
0.0216471
-0.79934
0.994328
0.0787664
0.762818
-0.783868
0.190118
0.672413
0.189321
1.0345
-0.547419
0.426363
0.845286
0.0463138
0.664308
-0.520841
-0.716042
0.456809
0.59996
-0.215433
-0.71327
-0.0938697
-0.823035
0.163659
0.309047
-0.114333
0.456867
-0.621676
-0.386366
-0.294287
-0.556674
-0.489569
0.489732
-0.621751
-0.547218
-0.396898
0.560732
0.912215
0.258753
0.771105
-0.297166
-0.551528
0.651272
0.190918
-0.761043
-0.739351
-0.129569
-0.294266
0.631626
0.649068
0.482006
0.791969
0.189567
0.442061
0.878486
0.020567
0.0640608
1.022
0.528266
0.578086
0.53901
-0.356138
0.140875
0.122111
-0.19825
-0.236687
-0.432891
0.562984
0.425872
-0.856192
0.768028
-0.0371194
0.291496
-0.718756
0.343767
0.113643
-0.0192258
-0.660115
0.346635
0.769054
0.118482
0.951852
-0.500586
0.20983
0.926987
-0.8048
-1.00048
0.594214
-0.83869
0.944028
0.571828
0.877229
-0.128091
0.462041
0.838556
-0.836478
0.614216
-0.78058
0.833208
0.429323
-0.2252
-0.187365
-0.508184
-0.890707
-0.287717
-0.533616
-0.0866454
-0.802808
0.169744
0.696188
0.0171694
0.933169
0.175986
-0.798963
0.0154242
-0.371279
-0.694888
-0.440657
0.500542
-0.182791
-0.726145
-0.471675
0.742583
-0.516807
-0.446702
-0.187335
0.72148
0.253103
-0.66946
0.725004
-0.872248
-0.993077
0.205376
-0.00795303
-0.348363
0.404288
0.775167
-0.504156
-0.727112
0.646663
-0.471278
0.670435
0.676943
0.367424
-0.175847
-0.764185
-0.157224
0.496674
-0.258554
-0.924992
-0.336245
0.166825
-0.39531
0.0910449
-0.316212
0.760444
-0.917573
0.376233
0.930263
0.434379
-0.0858129
0.383859
0.000345013
0.621449
-0.950767
0.0312267
-0.367395
-0.793952
0.0789597
0.0591332
0.845802
0.178221
0.130179
0.108564
0.610844
-1.0557
-0.788545
-1.72168
-0.596624
-0.400971
0.500018
-0.931715
0.586852
-0.208766
0.795092
-0.71424
-0.883566
0.402156
-0.015891
0.834675
0.0289679
0.0352339
0.206605
-0.83175
-1.03449
-0.442987
-0.0350017
-0.321935
0.650077
0.690121
-0.382639
-0.00732699
0.22042
-0.479842
-0.554133
-0.104505
-0.906924
-0.972064
-0.227923
0.788417
0.911356
0.749048
-0.0505005
-0.698074
0.449415
0.754316
-0.362538
-0.658079
-0.13516
0.264967
0.989309
0.261472
-3.54337
-0.735712
0.420327
-0.114233
-0.426791
-0.532775
0.721889
0.611356
-0.3315
0.270276
0.0653891
-0.984405
0.557762
-0.165295
0.556047
-0.678171
-0.342447
-0.21099
0.280667
-0.79779
0.105366
0.105777
-0.968851
0.324081
-0.663442
-0.188548
0.525472
0.287638
-0.409535
0.17622
17.1566
0.737738
-0.776785
0.623798
0.546295
-0.696837
-0.459841
0.0879685
0.71005
-0.0303852
-0.403788
0.174402
0.0193271
0.228048
0.17779
0.14179
-0.352556
-0.0182745
0.659184
0.601531
-0.0350347
-0.537539
-0.332434
0.536769
0.514259
0.0487658
-1.04781
0.422081
-0.0883931
-0.463782
-0.671338
-0.116728
0.359993
-0.216248
0.77719
0.251047
-0.904872
0.456155
-0.6291
-0.628507
0.296987
-0.920881
0.196303
0.363804
0.192267
0.0521438
-0.241696
0.599407
0.119079
0.0111766
0.648896
-0.36726
0.448393
0.84882
-0.0187958
-0.557764
-0.546265
0.813154
0.787333
-0.16373
1.03748
0.319617
-1.33028
0.447144
0.286159
-0.810679
0.857487
-0.622002
-0.101411
-0.616661
-0.979521
0.912347
-0.20919
-0.900715
-0.0788795
0.810824
0.774493
-0.400572
0.530911
0.0166427
0.647581
-0.655962
0.449883
-0.19999
-0.529015
-0.0389938
-0.709755
0.758976
-0.085844
-0.82238
0.307579
-0.989075
0.19999
0.718031
-0.792879
0.666616
-0.0154099
-0.652015
0.227177
0.400835
-0.0244006
-0.0189823
0.422566
0.550549
-0.00126299
-0.776302
0.615603
-0.486855
-0.424384
0.135223
-0.654381
0.191333
0.828143
-0.0171252
-0.683162
0.327212
-0.218443
0.678218
-0.527258
0.865246
0.389021
0.596322
0.800259
0.50692
0.404938
-0.401892
0.139982
0.276673
0.126869
0.610939
-0.10712
0.682923
-8.71524
0.00826528
-0.409332
0.270043
0.0861399
-0.0361549
-0.224261
-0.247193
0.671462
1.01285
0.597505
-0.0720557
0.164062
-0.248624
-0.705543
-0.0584068
0.0139482
-0.784392
0.302707
0.153069
0.063096
0.0319092
-0.580636
0.676575
0.325222
0.900943
-0.0812872
0.759657
-0.159564
-0.110083
0.00378375
-0.579449
0.65865
0.440631
0.635772
-0.256112
-0.187334
0.584171
0.676087
-0.469947
-0.154625
-0.272709
0.260359
-0.104994
-0.0544896
-0.0179512
0.351818
-0.327429
-0.238337
-0.358215
0.0861481
-0.23997
0.0930549
-1.05825
-0.0405621
-0.478283
-0.204198
0.821088
0.345779
-0.954445
0.0737796
0.598114
-0.930979
0.831837
-0.119983
0.8176
0.751538
0.81601
0.784973
0.731021
0.680299
0.686505
-0.568431
-0.549715
0.902878
0.175243
-0.19477
-36.6305
-0.072986
0.407705
-0.409014
-37.4555
-0.0252278
-0.316925
-0.29339
-0.541568
0.0423272
0.190872
-0.863659
0.267467
-0.362315
0.391726
0.312149
-0.364913
0.0396324
-0.441593
0.413221
-0.437421
0.0271847
1.02517
0.237813
0.659148
0.319232
0.417267
0.660817
-0.706075
0.705341
-0.397135
0.0992749
0.100617
0.381314
-0.434186
-0.898575
-0.0336459
-0.697673
0.436239
0.378568
-0.312026
-0.512259
-0.620704
-0.719299
-0.548715
0.560062
0.810472
-0.815474
-0.371886
-0.336311
0.169049
-0.254773
-0.989057
-0.0100914
1.07829
-1.01172
0.0468173
-0.535367
-0.853954
0.773959
0.814797
-0.660377
0.504644
-0.816597
0.205723
0.383747
0.378849
-0.476675
0.834517
-0.327437
0.424125
-0.230893
-0.797869
-0.26843
0.112225
0.929779
0.560553
0.770985
-0.0291703
0.868502
0.403688
0.820783
0.616424
-0.126029
0.0197008
0.439894
-0.457907
0.629218
-0.205726
0.137689
-31.5294
-0.180677
0.813289
-0.320347
0.667508
-0.770139
-0.476463
-0.460609
-0.363997
-0.601615
-0.749247
-0.00282195
0.257574
0.963016
-0.54812
0.33617
0.847921
0.263618
-0.330524
-0.688342
-0.669927
0.63131
-0.514189
0.802764
0.0537691
0.640479
0.370576
0.0178839
0.759105
-0.118107
-0.578264
0.567007
0.0992891
-0.762078
-0.550465
0.22381
-0.451705
0.456456
0.373336
-0.614732
0.166655
0.274947
1.05503
0.783484
0.556002
0.842552
0.244913
0.388317
0.501115
0.734718
0.413952
0.803472
0.00377161
0.717767
0.370386
0.520672
-0.358618
-0.0119093
0.347014
0.0422764
-0.796124
0.053434
-0.270694
0.136716
0.0770511
0.299095
-0.651231
-0.373449
-0.374918
3.79357
0.528848
0.427738
-0.47093
0.413934
-0.189007
0.188755
0.809652
-17.7377
-0.967755
0.969382
0.651595
0.437093
0.618427
0.535659
-0.920863
-0.0627656
0.033011
-0.456904
-0.0744782
0.956257
0.915959
0.580177
-0.95254
0.278521
0.486113
0.754324
0.644668
-0.692089
0.488042
-0.0446268
0.174856
0.439178
0.500327
-0.256599
0.669024
0.197222
0.316216
0.0363308
-0.317856
-15.2191
-0.434054
-0.063217
0.917461
0.503323
1.05809
-0.312835
-0.282508
0.0789643
0.213956
-0.0575158
-0.299481
0.940362
-0.591759
-0.708261
-0.787561
-0.416133
0.124578
0.885608
0.588668
-0.105475
-2.58686
0.178483
-0.077667
0.854119
-0.0850795
0.128536
0.360795
-0.23231
0.73205
0.325624
0.192715
0.619394
0.771815
-0.198042
0.128599
0.755711
-0.72347
-0.145599
-0.855026
0.19282
-0.904072
-0.0281384
-0.516425
0.750968
0.498116
0.222342
-0.82765
-0.294283
-0.240858
-0.000745286
0.30685
-0.429744
-0.270671
-0.57767
0.192392
0.466109
0.998113
0.158201
0.0640789
0.145107
0.75046
-0.150835
-0.923923
-0.153455
0.304981
0.141421
-0.938455
0.712082
-0.949924
0.785013
0.785187
0.306686
0.763427
0.718088
-0.669425
-0.479909
-0.564048
-0.658368
0.190027
1.01464
-0.333709
0.0451316
0.592272
0.355551
-0.239626
0.61225
-0.503405
0.111562
0.757433
0.398383
0.283322
0.176764
-0.840892
0.0666949
-0.00951067
-0.165109
-0.62243
-0.604336
-0.703013
0.68287
0.187733
-0.332317
0.581088
-0.206118
-0.39519
0.444762
0.195123
0.219783
0.0802594
-0.38101
-0.683463
-0.339795
-0.525578
-0.69951
-0.572569
0.796275
-0.110655
-0.155833
0.874311
0.215696
0.874573
-0.556415
0.627041
-0.847434
-0.19983
-0.224889
-0.725578
0.331549
-0.951509
-0.377502
0.318846
-0.80748
-0.271509
0.10469
-0.541383
0.922289
0.29736
0.802287
-0.576877
0.331626
0.00615554
-0.77883
-0.788523
0.0401218
0.627462
-0.142221
0.248469
0.00973505
0.911568
-0.339446
0.116036
0.12063
0.361074
-0.733714
-0.552664
0.209654
0.042651
-0.492499
-0.126526
1.08722
0.292705
-0.786131
0.35454
0.00524536
0.0512197
0.912811
0.545927
-0.931019
-0.726427
0.75577
-0.840251
-0.409601
0.882129
-0.980599
0.389833
0.742437
0.991315
-0.0979325
0.58411
0.824474
0.291025
0.727335
-0.545343
0.617019
0.414139
0.437604
0.0656712
-0.413208
-0.147669
0.344654
0.610948
0.456504
0.288276
-0.46762
-0.155723
-0.417272
-0.878171
-0.923983
0.44871
-0.525062
0.264185
-0.185959
-0.279293
0.201801
-0.321446
-0.832494
-0.165183
-0.265686
0.484637
-0.0936002
0.0947789
-0.00148668
-0.866298
0.561748
-0.715054
-0.986537
0.0928558
-0.287822
-0.138091
0.0159875
0.489109
0.770292
0.558272
0.885644
0.516877
-0.0728471
-0.4218
0.459183
0.212683
0.00620953
-0.354454
0.611278
0.209416
-0.140873
-1.01658
0.266258
0.345499
-0.167769
-0.788712
0.471997
-0.329659
0.0224029
0.172689
0.051119
-0.293289
0.567182
-0.246217
0.0418111
0.527851
0.669819
0.880268
-0.66116
-0.40073
-0.438986
-0.954598
-0.929561
-0.506526
0.52897
-0.426218
-0.804442
-0.644513
-0.0560316
-1.01824
0.588289
-0.597206
0.205721
0.36498
-0.281771
-0.941216
0.108132
0.680238
-0.766206
0.604518
-0.924917
-0.955898
-0.153661
-0.737726
-0.466049
0.428731
0.815127
0.920162
-0.696042
0.349602
-0.344611
-0.496982
-0.741587
-0.37196
0.303254
-0.476903
-0.594168
-0.494105
-0.800781
0.402842
0.381921
0.652405
0.286628
-0.65789
0.605902
-0.395927
0.250315
0.167585
0.503643
0.683207
-0.376683
0.896063
-1.01901
0.130255
-0.138024
0.518795
-0.6085
0.811646
-0.557504
0.170607
0.466578
-0.239557
0.74656
-0.296133
-0.432347
0.0435565
0.114978
0.430383
0.330332
0.290253
0.581244
0.736139
-0.356632
0.624109
-0.882355
-0.597468
-1.01066
0.00298492
-0.643174
-0.85245
0.0914969
0.261475
0.895171
-0.537854
-0.99722
-0.218235
0.425428
-0.406304
1.06377
-0.488914
0.544319
0.378766
-0.262679
0.871098
0.542171
0.866489
0.0172054
0.463006
0.0354695
0.470925
-0.751055
0.118903
0.270391
0.760952
0.515991
-0.351516
-0.0538109
-0.571073
0.796704
0.0461584
0.367452
0.589032
0.932819
-0.198129
0.189775
0.687541
-0.0629379
0.767811
0.0302743
-0.0419168
-0.667679
-0.516301
-0.0967486
0.818324
-0.77234
0.434868
-0.644596
-0.0408991
-0.084336
5.91291
-0.283698
0.0764964
-1.02721
0.463321
-0.422714
-0.0289675
0.45734
-8.98042
0.498578
0.44147
-0.289965
0.492291
-0.519757
-0.128354
-0.409747
-0.0991507
-0.972863
-0.0943053
0.597563
0.223931
-0.653392
-0.965888
-0.323598
-0.533831
0.192086
-0.447504
-0.226447
0.429766
0.2641
-26.3952
0.690975
-0.297564
0.666209
0.563312
0.31736
0.746391
-0.19021
-0.237498
-0.25003
0.0163262
-0.843653
0.188534
0.314766
0.159081
0.861307
-0.136468
-0.302705
-0.375563
-0.428636
-0.0529935
-0.669692
0.410842
0.0245435
-0.522917
-0.702525
0.445268
-0.220692
-0.577118
0.809174
-0.282812
-0.15691
-0.20445
0.648608
0.122309
0.322475
-0.0915566
0.445108
0.576893
0.179715
-0.881322
0.737828
-0.685806
-0.245957
-0.42334
-0.83838
-0.035517
-0.366236
-0.432903
-0.784119
-0.249791
-0.560941
-0.787271
0.147355
0.847884
-1.02851
1.00132
-0.188116
0.643953
0.408141
0.0584587
-0.365587
-0.0525404
-0.544275
0.495306
0.875166
0.61849
0.180084
0.0752048
0.92212
0.32919
-0.885296
-0.804782
-0.63835
0.1924
0.0772391
-0.82214
0.269579
-0.686293
0.203191
-0.596706
-0.4647
-0.815576
0.727
0.522679
-0.0674187
0.995978
0.068029
-0.404813
-0.0685835
-1.00617
0.648913
-0.507612
-0.145561
0.763491
-0.1713
0.671382
-0.530182
0.444233
1.0148
0.0101453
-0.0612716
-0.200107
-0.752484
-0.0572433
-0.0976055
0.50784
-0.102328
0.553708
0.76755
-0.768947
0.300368
-0.558401
0.303969
0.741931
-0.378366
0.877296
-0.171053
-0.410378
-0.685579
0.723214
0.0240698
0.584977
-0.820557
0.0140249
-0.551023
-0.274483
0.823293
0.078981
0.564117
0.559135
-0.630463
-0.210205
-0.508886
0.92493
-0.486233
0.756992
-0.296198
-0.190377
-0.735649
32.057
-0.37821
0.48194
-0.708206
0.0309224
0.251169
-0.331395
0.346208
-0.448331
-0.180841
-0.730427
0.256873
0.421293
0.315355
-0.119043
-0.135215
0.852204
-0.0160202
0.89018
-0.150144
-0.0977653
0.522474
-0.449957
-0.683332
0.762066
0.116626
0.557631
-0.397126
-0.567983
0.749997
0.834291
-0.934208
-0.540696
0.707569
-0.205557
0.67812
0.0707361
0.472917
0.0912333
0.352354
-0.554546
0.356866
0.557719
-0.487494
0.387106
0.0891254
-0.36735
-0.577584
0.188493
-0.974208
-0.691707
-0.798667
-0.67878
-0.387764
-0.293477
-0.260158
-0.638607
-0.731924
0.92237
0.215348
0.931883
-0.416677
1.00841
0.481944
0.677281
-0.303057
-0.274807
-0.214232
-0.484434
0.776118
-0.672909
-0.634057
0.916935
-0.989394
-0.0610351
-0.215986
-0.667959
-0.235962
-0.129229
0.555455
-0.481022
0.176043
0.478656
-0.547381
0.610293
-0.533793
0.44766
-0.0152808
0.179998
0.492525
-0.158514
-0.867471
-0.501549
-0.36954
0.823481
0.338579
1.03626
-0.632989
0.189817
0.123482
0.183695
-0.0358227
0.337796
-0.51018
-0.916654
0.191088
0.344393
-0.816247
-0.440454
-0.193593
-0.954382
-0.036143
1.04514
-0.856623
0.860827
-0.537669
0.0221403
-0.228898
-0.360332
-0.0989626
0.391735
-0.372423
-0.344027
-0.476506
-0.692706
-0.565618
0.900543
-0.214655
0.304232
-0.0473532
-0.565635
0.571477
-0.512175
-0.11782
-0.768083
0.0588859
-0.0879135
-0.235873
-0.408083
-0.444645
0.520258
0.152577
0.108198
0.558153
-0.295326
0.744517
-0.591986
0.602518
-0.399034
-0.924973
0.583657
0.996611
0.734271
0.274935
-0.0249835
-0.387261
0.100809
-0.566213
0.576018
-0.25995
0.67929
-0.0213394
-0.512901
-0.251731
0.0559059
-0.109
-0.764029
0.364341
-0.747521
-0.739817
-0.654317
-0.213354
-0.599538
0.462585
-0.744864
0.212545
0.669491
0.628799
-0.854035
0.621147
0.756965
-0.29824
-0.608803
-0.599401
0.761805
-0.234702
-0.415333
-0.778754
-0.291832
0.144165
0.948447
0.149688
-0.228449
0.662471
-0.493702
-0.774033
-0.707959
-0.659716
-0.75262
-1.0309
0.251932
0.609989
-0.866176
0.214502
-0.506607
0.122935
0.624801
-0.727851
0.50672
0.27057
-0.00641024
-0.688596
-0.780375
0.246256
-0.417761
0.186086
0.694868
-0.73962
-0.589076
0.284154
0.218477
0.122168
-0.219691
0.403339
-0.572509
9.52185
-0.686551
-0.943239
0.00984928
-0.206035
-0.385418
-0.731979
0.205424
0.592694
-0.434689
0.240651
0.653343
-0.599138
0.325909
-0.808055
0.0214203
0.153231
0.483212
-0.601778
-0.878567
0.846983
-0.916896
0.565165
-0.322341
-0.0482572
0.666003
0.759918
0.567428
0.762518
0.3125
0.986648
1.05783
0.590235
0.880695
0.046528
0.352594
-0.477524
-0.687856
0.852918
0.0572428
0.658799
-0.566002
0.917124
0.581949
0.558229
-0.629702
-0.315807
-0.72069
-0.471078
0.681385
0.369554
-0.180508
0.981366
-0.577951
0.135658
-0.14464
0.135448
0.390048
0.856299
0.161679
0.96902
-0.765877
0.104273
0.701353
0.737041
0.286514
-0.70716
0.395165
0.323337
1.01864
-0.903882
-0.712297
-0.156453
0.964234
-0.382802
0.634285
-0.14572
0.42323
-0.117183
0.524965
0.579439
-0.935277
-0.478227
0.870169
0.836368
-0.836248
0.336652
0.881423
0.294596
-0.232429
0.47193
0.11847
0.986573
0.836129
0.304144
-0.116217
-0.746331
0.078727
-0.171456
-0.100886
-0.969275
-0.62743
0.284545
0.396103
-0.865907
-0.474559
-0.182779
0.764852
0.677735
0.413465
0.770719
-0.650117
0.68928
0.891324
0.108171
0.85844
0.886678
0.0347724
0.380755
-0.870885
-0.804374
0.376859
0.429236
0.150198
0.436017
-0.578157
0.845899
0.868705
-0.106498
8.76853
0.431759
-0.929167
0.694757
0.942568
-0.377087
-0.568109
-0.522671
0.835661
-0.822267
0.692818
0.481445
0.973881
-0.0165364
-0.849903
-0.748106
-0.622389
0.390869
-0.144264
0.671042
0.408873
-0.162797
0.385438
0.114503
0.176214
-0.256941
0.203838
-0.309691
0.900927
0.397017
-0.303377
0.319377
-0.24027
-0.976593
0.497768
0.0891867
-0.671784
-0.648518
-0.268928
-0.409258
0.331774
0.584196
-0.49788
0.741584
-0.796993
-0.169025
-0.227892
-0.658533
0.203334
0.0949483
-0.188833
-0.563519
0.390795
-0.763571
-0.225676
0.197916
-0.260564
0.264131
1.08357
-0.121879
-0.431923
-0.0493301
-0.235935
-0.527786
-0.00895487
0.397309
-0.252351
-0.699557
27.6379
1.02329
0.948731
0.508126
-0.432911
0.266377
0.228195
0.229727
-0.39398
0.86372
0.417932
0.0900245
-0.709319
-0.524896
0.665501
0.175046
-0.0387823
-0.17217
-0.309376
0.392067
0.5031
0.270164
-0.601835
-0.925876
0.718089
-0.450019
0.591178
-0.0961089
-0.74112
0.113814
-0.221922
0.435758
-0.0475681
-0.807445
0.613799
-0.800866
-0.343749
0.700713
0.798019
-0.914119
-0.422319
-0.717266
-0.280028
-0.376178
0.615191
0.0251872
0.496405
-0.421858
1.08731
-0.953403
0.700241
-0.159497
0.759869
0.867368
-0.539829
-0.549626
-0.304999
0.663507
-0.366877
-0.569719
-0.524502
-0.327263
-0.548323
0.736897
0.347085
0.72463
0.83316
-0.623786
-0.629454
-0.255053
-0.278567
0.527417
0.11054
-0.197577
0.660233
0.0576935
0.852431
0.478655
0.578476
0.634852
-0.565954
-0.0539562
0.817331
0.371029
0.907767
0.51579
-0.368536
-0.776813
-0.425519
0.41086
0.323069
0.392743
-0.190906
0.57913
-0.385606
-1.07431
0.69599
0.761321
-1.06287
0.970479
0.114644
0.00569424
-0.76226
-0.357796
-0.706059
-1.0837
-0.402179
0.0981904
-1.03154
0.761785
0.614561
-1.06686
0.361443
-0.960808
0.546257
-0.205366
0.954728
-0.737726
-0.532746
-0.442389
-0.437496
0.36581
0.207665
-0.752137
-0.461316
0.131642
0.487385
-0.868604
-0.880363
0.838141
-0.374245
-0.568098
-0.507295
0.551596
0.506224
-0.539899
0.508311
-0.404006
-0.268644
0.321055
1.08256
0.489091
0.901336
0.477763
0.821093
0.411844
-0.745684
-0.391208
-0.494081
7.16177
0.354332
0.846164
0.451978
0.53238
-0.916747
0.389197
-0.805256
0.212731
11.8929
-0.796791
-0.131735
-0.0318815
0.000348131
0.213294
0.206364
0.347491
-0.350378
0.163189
0.737673
0.169602
0.976422
-0.158068
0.930321
-1.07119
-0.865268
0.132079
-0.039701
0.41627
-0.849446
0.609069
0.80226
2.60547
0.504828
0.0479602
-0.147005
0.765493
-0.700018
-0.797951
-0.382226
-0.226755
-0.407531
-0.504503
-0.306027
-0.948368
-0.567182
-0.538356
-0.172502
0.229916
0.880139
0.816687
0.196576
0.532909
-0.772171
0.102831
-0.399268
-0.535567
-0.43141
49.0591
-0.674883
-0.732899
-0.280482
-0.509539
-0.60906
0.545325
0.739105
-0.345929
-0.451697
-0.746604
0.341574
-0.893661
0.911526
0.591714
-0.371925
-0.960373
-0.24156
0.642685
0.451505
-0.24257
0.926172
-0.369314
0.795883
0.90115
-0.194997
-0.680552
-0.483118
0.519803
-1.07621
1.03017
0.392645
-0.833185
0.386035
0.800585
-14.6035
0.25414
-0.176468
-0.783332
-0.575485
-0.667122
0.0778986
0.865618
-0.122343
-0.239595
0.657308
-0.203172
-0.482483
-0.636704
-0.307807
0.476839
-0.293571
-0.723106
0.644788
0.458994
-0.386569
-0.635611
0.00830426
0.0685624
-0.378
-0.287374
-0.169239
0.0383755
1.09895
-0.856459
-0.767242
0.872489
0.706367
0.863466
-0.254085
-0.110585
0.652889
-0.739824
-0.00986923
0.563009
-0.379054
0.264583
0.407395
0.825245
0.327474
-0.35721
-0.699667
0.656368
0.561673
-0.658855
-0.0289334
0.455536
-0.193365
-0.558044
-0.525208
0.107988
-0.678081
-0.103274
-0.502383
0.0473056
-0.579217
0.782734
0.837787
0.162906
0.564409
0.405121
-0.34309
-0.427163
-0.170238
-0.747573
-0.728772
-1.03503
-1.08064
-0.21241
0.93019
-1.03743
-0.467195
-0.338863
-0.782885
-0.486291
-0.604454
0.510652
0.327324
0.330321
-0.172023
0.0547444
-0.407241
-0.925141
0.303894
-0.821062
0.747071
-0.554443
0.0933265
-0.462855
-0.11134
0.00824605
-0.41449
-0.679143
22.1713
-0.121058
0.409883
-0.70422
0.448692
-0.330193
0.790396
-0.411385
1.04517
0.1075
0.240808
-0.663884
0.328309
0.490569
-0.822684
0.582516
-1.02249
-0.748173
-0.0140496
0.644825
0.8749
0.104476
0.508442
0.274554
1.08877
-0.184361
0.913704
0.254901
0.154683
0.657419
0.0448881
-0.49465
-0.652142
-0.113263
0.0277519
0.319903
0.30138
0.0176282
-0.419338
-0.196619
8.61404
-0.573852
-0.484835
-0.95187
-0.121105
0.593406
-0.0206772
0.951329
0.776244
-0.0583341
0.161382
0.290832
-0.763662
-0.38775
0.68837
0.961292
-0.0613503
0.838606
-0.0978054
0.198275
-0.00971917
-0.751661
0.569703
0.726822
-0.349652
0.202575
0.565533
-0.565018
-1.02133
-0.24616
0.0530496
0.272881
0.28653
0.481675
0.193181
-0.200078
-0.540198
-0.628663
0.354418
-0.164236
0.704866
-0.168638
-0.263827
0.24862
-0.689557
-0.0880545
-0.213212
-0.484461
0.609352
0.721043
-0.604266
0.0909622
0.0931416
0.349802
-0.155461
-0.774668
-0.233585
-0.905784
-0.79869
-0.17125
0.256884
-0.120893
-0.991346
0.926703
0.305334
-0.764692
-0.110867
-0.0808663
-0.670236
-0.823051
-0.541645
0.239151
0.369306
-1.02567
0.991056
-0.0928848
-0.80757
0.470882
-0.507833
-0.189134
-0.0174776
-8.7947
-0.918586
-0.844039
0.429742
-0.511177
0.291947
-0.300951
0.398231
0.582052
-0.466818
-0.284379
-0.457025
-0.452976
0.00243704
-0.608648
0.8012
0.166646
-0.447446
1.03732
0.580074
-0.927028
-0.746979
0.365069
0.509594
-0.0820332
-0.296874
-0.161633
-0.150784
-0.229
-0.696718
0.425344
-0.705422
0.152272
0.494196
-0.614635
0.673559
-0.578387
-0.603808
-0.478588
-0.0247316
-0.830637
-0.537831
0.40558
0.29615
0.713123
0.294303
-0.567103
0.0393949
0.108291
0.690549
0.379903
0.235155
-0.549514
-0.383166
0.32765
-0.717495
-0.120598
-0.767029
-0.0498188
0.286946
0.938059
-0.338447
0.393634
0.481612
0.323844
0.277825
-0.783357
0.566604
0.802124
-0.731385
-0.382897
-0.00896673
0.334525
-0.580352
0.267702
0.131407
0.517961
-0.882669
0.59131
0.734551
0.752881
-0.23213
-0.794919
0.044328
-0.653817
-0.844595
0.684203
-0.106463
-4.36562
0.782407
0.146312
0.496677
0.917723
-0.811782
-0.9708
0.429155
0.397056
0.308658
0.177585
-0.250517
0.734105
-0.19466
-0.519397
-0.632295
0.392506
0.0958196
0.0970633
-0.865704
-0.0274012
-0.826739
0.584794
-0.44915
-0.254891
0.169142
-0.293395
-0.849233
-0.592556
-0.738182
0.809453
0.660172
0.848728
0.210023
-0.628087
0.0621743
-0.422448
0.105252
-45.0319
-0.894589
-0.774823
-0.892172
0.232234
0.0602238
-0.765773
-0.199147
-0.678255
-0.840002
1.01278
-0.550082
0.217289
1.03673
0.179179
-0.52049
-0.723431
0.508158
0.46913
-0.129046
0.602023
0.528705
-0.429011
-0.133672
0.767712
-0.722958
-0.383202
-0.301427
0.00123878
-0.778376
-0.284236
-0.295942
-0.597105
0.565562
-0.494968
-0.696612
-0.306312
0.468761
0.0333832
-0.628679
0.851761
0.201187
0.47478
1.01644
0.225839
0.444321
0.146532
0.988961
-1.0622
0.767984
0.0441761
0.100442
0.830951
0.290759
-0.608532
-0.105406
-0.862737
-0.0958857
0.752702
-0.301839
0.809328
-0.61478
-0.330812
0.64482
0.453435
0.507526
-0.620906
-0.852917
-0.309531
-1.05264
-0.833214
-0.408458
0.0456194
-0.175273
0.0857585
0.618052
0.19251
0.309751
-0.128742
0.879333
1.02936
0.25011
-0.0212773
-0.337175
0.181704
-0.389816
-0.0380792
0.296903
0.133305
0.545907
0.723788
-0.338006
-0.231233
0.285154
-0.612594
0.119097
-0.406298
-0.0490331
-0.979191
-0.188096
0.406316
-0.456052
0.153825
-0.437481
-0.131769
0.116619
-0.903884
-0.0403545
-0.169261
-0.0575424
0.412081
0.852125
-0.418309
0.276183
0.0976508
0.14812
0.718567
0.358793
-0.454874
0.694868
-0.0945792
1.01032
-0.376622
-0.18359
-0.582132
-1.00322
-0.428386
-0.198713
-0.221284
-0.168942
-0.724786
-0.000443183
-0.397426
0.396476
0.336391
0.440827
-0.601593
-0.581132
5.06545
4.63263
-0.0875498
0.958692
0.440284
0.0523883
0.545674
-0.227006
0.381121
0.551164
0.218991
0.397563
-0.058707
0.599892
-0.527537
0.483318
0.839996
-0.918661
-14.9671
0.291868
0.0922166
-0.183065
0.317413
0.309796
-0.248376
-0.720887
-0.639497
-0.412009
0.143594
-0.497766
0.54569
0.402928
-0.376282
0.387878
-0.0291225
0.512553
0.452808
-1.03259
-0.491978
0.0109922
0.710059
-0.733226
0.0434651
-0.283995
0.0633457
-0.320739
0.201159
-19.6631
0.400212
-0.163626
0.0430814
-0.8763
-0.655889
-0.825212
-0.477613
0.546735
-0.377031
-0.554736
0.359201
-0.0147626
-0.92506
-0.578224
0.605768
0.615361
-0.305327
-0.125413
0.969256
0.263937
2.88589
0.465153
-0.465841
0.408152
1.02545
-0.767784
0.0825339
-0.697006
-0.840172
0.747682
0.816488
0.91832
0.423365
-0.117331
0.577625
0.104615
-0.721984
-0.223766
0.22065
-1.06984
-0.691972
0.258041
-0.906378
0.0204839
-0.818263
0.55867
1.01818
0.831897
0.1668
-0.0679443
0.308196
-0.104419
-0.19857
0.270551
-0.776813
0.693786
-0.323735
-0.419489
-1.09624
1.04532
-0.149906
0.552834
0.733376
0.117751
0.588168
0.615125
-0.440492
0.919709
0.217172
0.235179
-0.901117
0.564964
-0.594663
0.583878
-0.0609074
0.769193
-0.662454
0.0129232
0.750367
0.700648
-0.433269
0.531481
0.741573
-0.848909
0.311618
0.00977521
0.0961343
-0.806673
-0.396759
0.151954
-0.978343
0.722743
-1.00087
0.259483
0.678873
-0.830054
0.235251
0.860968
-0.352572
1.06152
0.84111
-0.228498
0.572904
0.414002
0.366027
0.292476
0.229823
-0.248439
-0.578007
-0.0499705
-0.88562
-0.498855
0.0819217
-0.0820629
0.661502
0.113223
-0.405992
0.644864
0.631453
-0.225566
0.749333
0.867274
0.17833
-0.952856
0.0747639
0.76853
-0.355726
0.318672
-1.03773
0.509843
0.475146
0.277116
0.992209
-0.307
0.317908
0.170876
0.207729
-0.147507
0.591967
-0.630491
0.0486003
-7.36785
0.958552
0.0330472
0.57463
0.882824
0.292545
0.608979
-0.107511
-0.125874
-0.933532
-0.973505
-0.268758
0.237573
0.390097
-0.0594473
-0.641439
0.159351
-0.324632
0.161557
0.135576
-0.468044
-0.401395
-0.591519
0.665128
0.348584
0.278693
-0.646322
-0.175913
-0.146152
-0.488695
-0.53495
-0.248692
-0.400213
0.541291
-0.72804
-0.43122
0.317678
0.156301
1.07516
-0.398881
-0.0423024
-0.0688413
-0.496246
-0.0571355
0.657016
0.373577
0.0814715
-0.407033
0.00531121
0.833494
-0.0103973
0.79512
0.187248
0.241182
0.12085
-0.306655
-0.230717
-0.412222
-0.620149
0.348092
0.475497
0.42387
0.547026
-0.882863
0.387959
-0.837844
0.4714
0.754258
-0.583958
0.849421
-0.764322
-0.0153254
-0.080434
-0.161308
0.386823
0.323652
-0.468663
-0.5302
0.170297
-0.121638
-0.153259
0.455906
-0.376405
0.533393
0.980034
-0.637255
-0.3104
0.503096
-0.278171
0.326867
-0.167431
0.307791
0.345848
1.01765
0.745388
0.171629
0.744997
-0.163331
0.0503748
0.552131
0.331183
0.398258
0.405159
0.45265
-0.123791
-0.511912
-0.348538
19.2264
0.87964
-0.265287
0.395606
-0.0587341
0.313739
-1.00238
0.81992
-0.580043
-0.720899
0.105255
0.775707
-0.319543
0.697113
0.571949
-0.0546273
0.682826
0.769176
0.493631
-0.973184
-0.647554
-0.0812272
-0.00114031
-0.136815
0.131485
0.0671053
-0.466309
-0.121092
-0.31706
0.052543
0.410291
-0.872333
0.591621
0.48855
0.508278
-0.79638
-0.279063
0.387102
0.417175
0.762104
-0.0637329
-0.894415
0.358855
-0.343812
0.811114
-0.702065
0.626056
-0.537244
-1.01384
0.334652
-0.222496
-0.875099
4.24793
0.877277
-0.738873
0.768145
-0.531924
-0.838677
-0.496774
-0.710976
-0.672004
0.205769
0.0271975
-1.01766
-0.76882
0.299311
-0.345727
-0.121688
-0.18373
0.256668
0.274716
0.681997
0.930522
-0.874255
0.473294
-0.00873403
-0.472212
0.192577
-0.683512
-0.446203
-0.891245
0.238492
0.418971
0.668162
-0.958545
-0.876199
0.556036
-0.456739
-0.235151
0.587963
0.707264
-0.824619
0.876716
-0.988336
-0.137728
-0.380735
-0.203392
-0.459369
0.71137
-0.759637
-0.970664
-1.04045
0.484283
-0.164357
0.00765052
0.506944
0.693503
0.543961
0.124339
0.622254
0.403538
-0.159308
0.61997
0.197176
-0.729553
0.226388
-0.17509
-0.159924
0.0568765
-0.543128
-0.132753
0.161642
-0.359346
0.929645
-0.825369
0.34251
-0.254014
-0.947917
-0.533905
0.350765
0.172133
0.156486
-0.472293
0.282141
-0.48081
-0.788368
0.725307
0.2449
-0.120829
-0.872655
0.320094
-0.470755
-0.422866
-0.771248
-0.0727723
-0.167266
-0.613136
0.151987
-0.225041
-0.885216
0.388803
-0.70231
-0.916448
0.24356
0.805329
0.491913
-0.134217
-0.430811
-0.0358782
-0.38361
0.79484
-0.560711
-0.48246
-0.679709
-0.123096
0.12164
0.545414
-0.51252
0.139612
-0.0299193
0.700049
0.753796
-0.404104
-0.633338
-0.101015
-0.429642
0.37866
0.629946
-0.75602
-1.01133
-0.672325
-0.268496
-0.0810728
-0.38877
-0.0426615
-0.745625
0.25645
0.833348
-0.23338
-0.743917
-0.0288773
-0.58238
0.0430076
0.74876
0.69509
0.276787
0.550948
0.208936
-0.466698
0.400039
0.79868
-0.0011311
-0.683964
0.00413044
0.363513
-0.994297
-0.0476444
0.722983
0.263631
-0.982115
0.342232
0.179031
-0.337434
0.631669
-0.434567
0.461925
0.910573
-3.37352
-0.187844
0.350087
-0.470901
0.655783
-0.131999
-0.146106
-0.824434
0.0161478
0.518201
-0.0129872
0.333397
0.495429
-0.34258
0.332956
0.253808
0.466578
-0.790558
0.0499318
-0.854197
-0.0606884
0.0406472
0.375139
0.36489
0.673758
-0.699647
1.6753
0.669213
-2.0725
-0.951674
0.325061
0.737962
-21.5943
-0.209577
-0.964436
0.478515
-0.487183
-0.225991
0.775097
0.477724
0.057644
-0.587102
0.844753
-0.25311
-0.633865
0.727128
0.0212641
0.535061
0.183664
0.156446
1.04834
0.83316
-0.0271128
-0.732879
0.746172
-0.440281
-0.113929
-0.163079
0.642086
0.41731
0.373164
0.72137
-0.526008
-0.979821
-0.458275
0.27629
-0.216471
1.085
-0.859357
-0.51288
-0.857269
0.267715
0.0578645
0.0575699
-0.24808
0.574881
-0.243839
0.0380835
0.551413
-0.720372
-0.497036
-0.0943387
0.7593
0.783966
0.0391852
-0.696071
-0.137648
0.303121
-0.10698
0.459375
-0.698066
-0.160331
-1.00505
0.0167943
0.999513
-0.526927
-0.162548
0.441939
0.202565
-0.907975
-0.941247
-0.490262
-0.476028
0.533862
-0.173868
0.428497
0.553355
-0.85524
-0.617976
-0.0162071
0.884111
0.00334776
0.469227
-0.207234
-0.178726
0.517305
-0.760639
-0.451011
0.134566
0.33726
0.683553
0.628177
4.0084
-0.112704
-0.329541
-0.323442
-0.452857
-0.653562
0.304282
1.08356
6.32785
-0.588498
-0.533826
-0.703458
0.971003
-0.269883
0.697718
0.0995593
-0.347917
0.493939
-0.438894
-0.262175
-0.97615
-0.130244
-0.258734
0.263201
-0.600644
-0.658375
-0.0159024
0.0750507
0.957892
-0.0167683
0.308272
-0.0534438
-0.887406
1.65381
0.377285
-0.713313
-0.0657395
-0.55176
-0.913983
-0.343659
0.403467
0.103807
0.192734
0.25365
0.558251
-0.232735
0.884241
-0.0455756
-0.399795
0.121448
-0.240047
0.777574
0.403105
0.286302
0.621638
0.977375
0.240564
0.168694
-0.0768422
-0.0421703
-0.347631
-0.0434122
0.422174
-0.324525
0.973408
-0.341138
-0.132907
1.04444
-0.108002
0.0219065
0.18874
0.313738
0.637323
0.566916
0.03396
-0.405008
0.137074
0.678587
-0.492537
-0.0756985
0.316765
-8.22358
-0.0463187
-1.03163
0.202765
-0.865616
0.728192
0.19433
-0.172288
0.891117
0.174151
-0.357348
0.294601
-0.703656
0.402258
0.388739
-0.503715
0.374734
0.477065
0.954772
0.584684
0.995746
-0.409585
0.167591
0.369934
0.800329
-0.227979
-0.499596
0.327275
-0.296018
0.684019
-0.815329
0.39696
0.696468
0.882021
0.103295
0.710607
0.525255
-0.253476
-0.406157
-0.136679
0.076708
-0.487152
0.16574
-0.151936
-0.169219
0.700701
6.33799
0.0464309
0.648484
0.205666
0.270633
-0.454266
0.0871906
-0.702688
-0.926896
-0.0140837
0.531795
28.4443
-0.277287
-0.555277
0.908914
0.863332
0.522691
-0.501263
0.300021
0.494495
-0.247873
0.197913
0.46351
0.948925
-0.637389
0.312259
-0.996388
-0.215001
6.43156
0.775694
-0.643629
-0.155105
-0.307685
-0.121289
-0.677968
-0.273948
-0.891726
-0.350208
-0.428889
-0.563253
0.593874
0.717705
-0.468396
0.389602
-0.123772
-0.110103
0.69107
0.846033
-0.0831065
0.563036
-0.116863
0.838858
0.132477
0.031726
0.908447
0.527249
0.388368
-0.642574
0.314909
-0.841789
-0.57361
0.0418184
0.437732
0.701251
0.206205
0.324999
0.243536
-0.421114
0.637584
-0.616413
0.915582
-0.587291
-0.107876
0.129965
1.0222
0.626389
0.746882
0.0359807
0.0773699
-0.729976
-0.0576793
0.39722
0.794516
0.33293
-0.247225
0.142833
3.56657
-0.290989
-0.386426
0.626425
-0.269782
0.0395727
0.00336011
0.0757058
-0.845193
0.828327
-0.873589
0.37114
-0.190839
-0.513353
1.05299
-0.909903
-0.701095
-0.703055
-0.348165
0.859983
-0.0748006
-0.383152
0.0919922
0.602473
0.0339826
0.596563
-0.572666
0.925833
-0.820905
-0.372581
-0.51319
0.781512
8.34019
0.829838
0.675811
0.187944
-0.945922
0.783333
-0.548934
0.253738
0.255818
0.880144
0.0798427
0.0402898
-0.256865
0.679182
-0.741913
0.475653
0.304581
-0.716661
0.932277
0.292051
-0.113519
-0.126597
1.09897
0.879839
-0.154215
0.830169
0.552523
0.532314
0.149288
-0.707901
-0.587477
0.052898
0.146116
-0.125156
-0.0924036
1.0541
-0.243109
-0.280092
0.145292
0.487467
0.254673
-0.02022
0.157946
0.972721
0.0231544
-0.239725
0.164308
0.146716
0.60667
0.579267
0.505794
-0.967193
-0.606753
-0.816967
0.514608
0.372344
-0.993913
-1.09817e-05
0.409148
0.630716
0.263915
-0.667294
0.0489853
0.340602
-0.639404
-0.392352
0.593716
-0.452306
-0.486428
-0.00167261
-0.954574
-0.662932
-0.512207
-0.44639
0.0452066
-0.454914
0.658091
-0.918218
0.125508
0.277471
0.100198
-0.898446
0.295051
0.566481
-0.231014
-0.182375
0.864819
0.254702
-0.819939
-0.961863
-0.425874
-0.675984
0.161521
0.048586
-0.824502
-0.721393
0.227783
0.189145
0.128966
0.475618
0.254613
0.635196
0.795398
0.0220991
-0.420078
-0.687168
-0.39234
0.0808294
0.181312
-0.514348
0.463204
0.530357
-0.457493
0.338276
-0.7303
-0.754328
-0.0733281
-0.135189
0.893073
-0.700827
0.388648
0.280094
-0.489258
-0.261952
0.0669726
-0.142549
0.380126
0.0460521
-0.663653
0.421415
-0.182456
0.676431
0.486396
-0.93466
0.144038
0.707632
0.485433
-0.560607
0.203608
-0.535803
-0.629638
-0.304179
-0.688074
-0.607416
-0.148794
0.387174
-0.597076
0.0648366
0.0915965
-0.458173
0.261018
0.0246958
-0.308412
0.396634
-0.00461383
-0.651703
0.140997
-0.675638
-0.178889
-0.128893
-0.660862
0.543544
0.934221
-0.447497
-0.309824
0.211179
0.0542162
-0.855528
-0.0225602
-0.12634
0.696435
-0.249069
0.324351
-0.7188
0.0946271
0.360686
0.856144
0.0171612
-0.125813
-0.0446856
-0.764194
-0.0883043
0.067263
-0.382299
-0.203581
-0.761425
0.673681
-0.0629217
-0.194254
-0.092996
0.512039
-0.442085
-0.0684562
0.148142
-0.463632
0.752311
-0.238501
0.570534
0.251742
0.775246
0.520979
-0.370637
0.590397
-0.788233
-0.570052
-0.419879
-0.202963
-0.0531925
-0.348905
-0.432547
0.89861
0.228878
-0.774988
-0.825238
-0.154253
0.325768
-0.5272
0.602367
0.548256
0.503501
-0.271936
-0.598742
0.179574
0.247255
-0.792691
1.0102
0.596908
-0.695638
0.325419
-0.174429
0.516771
-0.790137
0.492541
0.63315
0.410502
0.264705
-0.257908
0.189621
-0.405592
-0.871453
-0.544379
-0.648278
-0.456651
-0.743627
0.744543
0.604117
0.200408
-0.52811
0.172396
0.835105
-0.15295
-0.0153883
-0.246632
0.805538
0.396766
0.31581
-0.259064
1.01101
-0.586051
-0.600274
-0.687752
-0.2885
0.862877
-0.231196
-0.0250202
0.890267
-0.180696
-0.307426
0.706181
0.230996
-0.418577
-0.555896
0.941554
-0.243693
0.609896
-0.005682
0.0297033
-0.311114
-0.236864
-0.65554
14.592
0.911272
-0.0787449
0.0392795
-0.0407819
-0.708722
-0.33319
0.776316
0.467238
0.460853
-0.149934
0.523996
0.508154
-0.111802
0.295147
0.509739
0.586356
-0.783245
0.380278
0.925326
0.945319
-0.813739
0.104242
0.408832
-0.61485
0.897068
-0.739726
0.482388
0.632288
-0.278755
0.649397
0.447372
-0.34695
-0.46106
-0.400805
-0.358546
-0.537979
-0.914336
0.588535
-0.929058
0.697039
-0.520923
0.0904912
-0.126413
-0.156402
-0.950265
-0.338114
-0.379078
-0.315733
-0.318023
-0.337503
-0.847194
0.415633
0.336123
0.87637
0.429482
-0.363072
-0.564208
0.841872
0.756345
0.482956
0.471698
-0.38268
0.453261
0.8039
-0.970162
0.64292
0.3501
0.0261574
0.363699
-0.569607
0.770583
-0.806685
0.804277
0.0368405
-0.308511
-0.382111
-0.0424312
-0.64953
0.238235
-0.598209
-0.618592
-0.519648
0.129214
-0.156333
-0.174262
-0.200861
-0.0137927
-0.37692
-0.435148
0.800266
0.579154
0.66612
-0.170942
0.123011
0.130788
-1.0281
1.04507
0.164494
-0.347657
0.35389
0.20272
-0.508779
-0.747401
0.451814
-0.417739
-0.926608
0.49024
0.150477
-0.359856
0.0370988
0.609974
0.802708
-0.147272
-0.978586
-0.698175
-0.669089
-0.839628
0.731037
0.391352
-0.936792
0.730562
0.105113
0.638774
0.632736
-1.05155
0.646759
-0.572199
0.0502066
-0.511178
-0.638723
0.00713771
0.069178
0.239832
0.965103
-0.259793
0.0636551
0.324369
-0.812462
0.810321
0.445643
-0.142883
-0.58044
0.897522
-0.653085
0.231256
0.558598
-0.420409
-0.147613
-0.470176
0.758574
-0.160328
-0.612395
-1.0542
0.0644488
-0.768648
0.12759
1.02349
0.0329888
-0.102545
0.589755
0.456651
0.0549337
0.443328
-0.813142
-0.300851
0.716043
0.701543
0.4878
-0.377581
-0.61216
0.900019
0.448321
-0.0753912
0.0684987
-1.07795
-0.760363
0.604311
0.534064
0.409482
-0.560482
-0.448408
-0.224781
0.270781
0.220712
-0.302487
-0.631078
1.06815
0.395861
0.133382
0.0899666
-0.301822
-0.629177
0.140855
-0.287992
-0.94734
0.96873
-0.721426
-0.240462
0.444965
-0.496193
-0.0110372
0.591939
0.258369
0.484111
-0.14356
0.858296
-0.824423
0.151903
0.390198
-0.0718257
-0.675081
0.277177
-1.02631
-0.629354
0.27356
1.02395
-0.935371
0.811629
0.111352
0.121342
0.643593
0.0918275
-0.394615
-0.721552
-0.0550584
-0.0282891
0.138345
-0.532806
0.968269
-0.136802
-0.651652
-0.10923
0.154956
0.00736128
-0.53903
0.584931
-0.684324
0.88681
0.00423103
-0.234717
-0.770026
0.518642
-0.360304
0.567245
1.00697
0.627586
-0.915611
0.322105
0.0523472
-0.198684
0.858504
0.738015
-0.109058
-0.586574
0.532133
-0.526753
-0.777488
-0.754242
-0.49336
-0.935911
0.583419
0.597321
0.66137
0.236229
0.658854
0.602194
0.0112342
0.973178
-0.524741
0.827818
0.193479
0.013293
0.236434
-0.354363
-0.455709
1.00795
-0.173525
0.368848
-0.306797
0.389523
0.417234
0.46205
0.373583
-0.144086
-0.0731558
0.860405
-0.503728
0.19842
0.24006
-0.0446916
-0.348191
-0.62687
0.596616
0.969987
0.506138
0.788649
0.655488
0.307842
0.871991
0.797738
0.275442
-0.64217
-0.351764
-0.865591
0.123772
-0.50845
0.759919
0.734506
0.212709
-0.029673
-1.01174
0.936884
-0.0273326
-2.78291
-0.808901
-0.721884
0.641151
-0.402033
0.919614
0.669374
-0.346868
-0.678782
0.202218
0.0121281
-0.287956
0.819128
-0.390735
-0.102667
0.887752
-0.0928938
-0.83753
0.568451
0.56661
-0.552437
0.181443
-0.147064
-0.412012
-0.508076
1.01559
0.448364
-0.23019
0.279387
20.2208
0.01137
0.3714
-0.0677536
0.231961
-0.324857
0.667776
0.626612
-0.20621
0.446206
-0.305576
0.700467
-0.143762
-0.447033
0.658905
0.451289
0.588362
-0.622177
-0.66914
-0.425367
0.778362
0.878523
-0.296405
-0.532536
-0.857081
-0.209248
-0.719285
0.33022
0.243792
0.912588
0.229666
-0.474486
0.876791
-0.402787
0.501142
-0.110465
0.875111
0.492511
-0.461151
-0.271365
-0.76871
0.482581
0.285852
0.831031
0.64332
-0.322834
0.495555
-0.270869
-0.847152
-0.443046
0.453488
-0.24092
-4.19167
-0.501572
0.923554
-0.878164
0.887935
0.358534
-0.473672
-0.701763
0.0356867
0.643495
0.108567
-0.287231
-0.529189
0.451566
-0.391779
-0.0885834
-0.610159
-0.195552
-0.178645
0.270681
-0.414489
0.527351
0.580092
0.422711
-0.367011
0.131462
0.385898
0.236256
0.575893
0.135691
0.659277
0.956162
0.820046
-0.247298
0.295358
-0.314809
-0.667619
-0.372304
0.690331
-0.388747
0.34487
0.385336
-0.0341492
-0.284889
0.374333
-0.333933
0.383862
0.655672
0.118877
-0.0101465
-0.26801
0.120715
-0.270247
0.149142
0.76379
-0.727212
-0.635258
-0.786931
-0.671251
0.731253
-0.321782
-0.918284
0.515166
0.146664
-0.178857
-0.207316
0.864876
-0.54046
0.38419
0.670861
-0.81412
0.599459
0.694139
-0.700022
-0.696721
-0.083339
0.404983
-0.446814
0.403114
-0.841159
0.286208
0.626359
0.855883
0.728577
0.113236
0.796551
-0.717943
0.789419
0.327811
0.331105
-0.385333
-0.25423
0.0077856
-0.783726
-0.488168
-0.687322
-0.274251
-0.36266
-0.826664
-0.829108
-0.271032
-0.036933
0.350605
-0.411864
0.334271
-0.794844
-0.618898
0.249524
0.510205
0.611078
-0.599834
-0.19789
0.694648
0.633546
-0.381534
0.106151
-0.58149
0.161489
0.615116
-0.804015
0.0490901
0.833582
-0.506711
0.413388
-0.424235
-0.237565
0.0121449
0.282612
14.3322
-0.444716
-0.469041
0.638757
0.79328
-0.763346
-0.0399041
-0.457615
0.612283
-0.825985
-0.482195
-0.526301
0.15498
0.600569
-0.291321
-0.000621526
0.622478
0.562293
0.859554
0.382703
-0.575096
0.814497
0.383629
-0.0830411
0.149125
-0.623
0.550079
0.488725
-0.58099
0.361161
0.964756
-0.182978
-0.859591
0.117406
0.413936
-0.790686
0.437246
0.345335
0.549307
0.18595
-0.156096
-0.382379
0.571178
0.227178
-0.233824
0.709946
-0.242179
-0.0052298
0.364237
-0.14314
0.0770851
-0.219041
0.556964
-0.0952178
0.10924
-0.480897
-0.519979
0.413261
-0.425225
0.731051
-0.320426
-0.925771
0.333265
-0.213461
-0.092172
0.219756
-0.364872
-0.686014
0.810222
0.28956
-0.264708
-0.79278
0.342137
0.715186
-0.695055
0.0445934
0.726524
0.777233
-0.286142
-0.232942
-0.53026
-0.0715742
0.922437
-0.716719
-0.544779
-0.118704
-0.474103
-0.391652
0.153657
0.677599
0.127029
-0.518663
-1.02687
-0.803234
0.105268
-0.717031
-0.000907819
0.468699
0.864653
-0.148903
0.288835
-0.0164039
0.543875
0.551744
-0.147226
-0.856592
0.321468
-0.369614
0.660578
-0.511478
0.376352
0.797789
-0.321385
0.358019
0.276159
0.801867
-0.401783
0.121234
0.0685665
-0.0352074
-0.463337
-0.570308
-0.0612532
0.907298
-0.936482
-1.07702
0.666999
-0.749308
0.0202185
0.0297566
-0.607845
0.961793
0.690814
0.672638
0.336571
0.402672
0.26836
0.207993
-0.881173
0.674916
-0.862134
-0.63339
-0.749089
-0.403006
0.785971
-0.537992
0.177347
-0.533317
-0.607658
-1.00419
-0.889047
0.473577
0.438028
-0.873262
-0.615287
0.00504224
-0.0243065
0.227938
-0.934361
-0.913411
-0.544828
0.690202
-0.325237
0.250582
-0.462061
0.0629496
-0.378674
-36.4262
0.445785
0.318774
0.61541
0.460561
-0.21121
-0.451589
-0.659527
-0.877643
-0.75268
0.713272
-0.407009
0.289001
-0.250973
-0.259328
0.518522
-0.919862
0.652255
0.458182
-0.622108
-0.2225
0.419642
-0.730311
0.718721
0.231416
0.396809
0.094306
0.0764817
1.0298
-0.426393
0.0383519
-0.898806
0.981708
-0.78579
-0.556619
0.0975035
6.46333
0.514155
-0.59352
0.404344
-0.252152
-0.32407
-0.263537
-0.186739
-0.809205
0.330392
-0.882219
0.41049
0.296482
-0.36576
-0.104616
0.527665
-0.456639
-0.41196
0.065438
0.81363
-0.355393
-0.456328
-0.337599
-0.247959
0.364544
0.779113
0.462022
0.306542
0.0957808
0.891816
0.410792
0.358392
-0.533077
-0.671678
-0.451511
0.87187
0.559806
-0.954433
-0.634058
-0.446376
-0.761821
-0.138847
0.449637
0.347214
0.616118
-0.076395
0.130188
0.398691
-0.86709
-0.646374
-0.231473
0.976517
-0.663956
-0.531824
-0.38128
0.19411
-0.178107
-0.599301
0.38766
-0.427229
-0.737985
-0.236259
-0.712865
-0.403192
0.726315
1.0335
-0.471004
-0.544245
0.985653
-0.303203
-0.291526
0.73843
0.676645
0.980599
-0.248394
-0.724582
-0.783715
-0.0146119
0.469666
-0.86721
-0.284196
-0.167946
-0.911799
-0.293251
0.792385
-0.333925
-0.0967022
-0.473323
-0.378196
0.709064
0.794884
31.5306
-0.846787
0.374578
-0.610244
-0.160699
-0.603588
0.892282
0.284891
0.76847
0.0823516
0.460934
-0.774077
-0.913915
0.207782
0.166674
-0.397517
0.249802
-0.620028
0.584339
0.401633
-0.798325
-0.33517
-0.78235
-0.654025
-0.933934
-0.212383
-0.186194
0.396021
-0.79165
0.643923
-0.803144
0.282139
0.174422
-0.0668548
-0.631166
0.555055
0.323339
0.342045
-0.652222
-0.323647
-0.589294
0.181351
-0.656464
0.196388
0.728173
-0.0242542
0.0217495
0.88092
0.900415
-0.278625
0.2458
0.0641002
-0.734045
-0.34515
-0.626614
-0.461774
-0.862079
-0.115261
-0.450565
-0.355338
-0.606758
-0.647313
0.306516
-0.717034
0.563113
0.381284
-0.747519
0.718001
0.202788
0.907561
-0.0289441
0.0623123
-0.253023
0.725609
-0.805099
-0.435639
0.106529
-0.195141
0.0458635
-0.253981
0.393351
-0.743537
-0.489054
-0.793806
-0.349485
-0.452323
0.432433
0.113314
0.381817
-0.602073
0.495327
0.647643
0.0400363
-0.553459
-0.720301
0.59699
-1.07213
0.394399
-0.530391
0.0855829
0.339601
0.794348
0.905041
0.290936
0.168705
-0.942739
-0.0105457
-0.355659
0.516926
-0.350227
-0.469392
-0.407137
0.178888
-0.207128
0.320847
0.272052
0.241186
-0.501945
-0.833858
0.393799
0.321097
0.819391
-0.146602
-0.287498
0.570955
0.57382
0.129846
0.112509
-0.00973468
0.325307
-0.124651
-0.460206
0.0975097
0.102571
-0.0983166
-0.0190798
-0.694018
-0.149989
0.339784
0.660954
0.113417
0.338031
0.444777
-0.397413
0.790934
-0.275827
0.183455
-0.668205
0.78748
-0.647555
-0.261372
-0.824984
-0.0720642
-0.00134307
-0.0953876
-0.666593
-0.668737
0.0942268
-0.451139
-0.827438
0.211821
-0.403883
0.05318
0.451398
-0.0588961
-0.749427
0.857343
-0.296559
0.336742
-0.556093
-0.640156
0.265084
-0.0737266
-13.6855
0.30191
-0.743934
0.112338
0.699074
0.0395257
-0.508038
-0.0163427
-14.5714
0.293309
-0.400623
-0.258841
-0.639036
-0.744118
-0.00929645
-0.15249
-0.214212
-0.0181503
0.972294
-0.846662
-0.399909
-0.480885
-0.176444
-1.0574
0.394399
0.133571
0.433726
0.149941
0.246848
-0.554761
-0.402789
-0.642251
0.667309
0.530674
0.235591
0.902031
-0.117347
0.224089
0.394288
0.394107
-0.641027
-0.241623
0.0346092
0.599451
-0.783575
-0.0507161
-0.686581
0.833698
0.153851
-0.445151
0.543498
0.934227
-0.397068
-0.00129129
0.389481
0.378847
-0.408432
-0.421156
-0.182717
-0.471545
0.605869
0.00383134
-0.387533
-0.334342
-0.778779
-0.233098
-0.66065
0.0698624
-0.80719
-0.895591
-0.371131
-0.48083
0.199234
0.828323
-0.712406
-0.398298
-0.0800564
-0.853473
0.45427
0.450305
-0.542515
0.298113
-0.213728
0.70818
-0.0230537
-0.916407
0.534631
-0.426692
-0.0417542
0.70866
0.180113
0.806848
0.554498
0.682397
-0.490531
-0.548752
-0.279987
0.9046
-0.512754
-0.898002
-0.648594
-0.695927
0.244496
-0.083472
-0.506576
0.6068
-0.845591
0.619131
0.0195974
0.664212
-0.935804
0.335056
-0.830781
0.0898077
0.52451
-0.588973
0.222251
-0.267142
0.98536
0.0807408
-0.879998
-0.192875
-0.558146
0.662416
-0.441058
0.67787
-0.252059
-0.583247
-0.320492
0.213211
-0.447705
-0.959987
-0.149396
0.355804
-0.32312
-0.0204925
0.0399472
-0.312888
-0.543012
-0.748827
-0.0627299
0.237515
-0.508204
1.01004
-0.476528
-0.104739
-0.920809
-0.698826
0.254647
-0.197917
-0.673861
-0.367322
-0.0429555
-0.573876
-0.344495
0.574319
-1.097
-0.388933
0.222421
0.00236966
-0.380471
-0.906469
-0.59768
-0.32648
0.65102
0.143374
0.117578
-0.209928
-0.0986968
-0.0984508
0.594533
-0.488102
-0.462329
-0.303104
0.680152
0.0607594
-0.132771
-0.511653
-0.178317
0.228444
0.362529
-0.404494
-0.750571
0.450007
0.310381
-0.867505
-0.737302
-0.406903
-0.426695
-0.395211
-0.586092
-0.21585
-0.610177
0.319776
0.982052
0.710978
0.439212
-0.8533
-0.359585
-0.457659
0.0195678
-0.563014
-0.738346
0.782145
-0.238087
-0.125579
-0.714988
-0.707142
-0.651371
0.828982
18.5638
1.01276
0.25929
0.425317
0.860427
-0.880218
0.135019
-0.947933
-0.382166
0.198254
-0.714416
0.41068
0.953541
-0.451831
0.465144
-0.984642
-0.336823
-0.0288681
0.00259569
-0.784047
1.00644
0.189158
-0.539552
0.894069
-0.0778731
0.577078
-0.872818
0.58912
0.0324077
-0.360863
-0.160853
0.0829048
-0.0888879
0.4285
-0.531409
-0.959064
-0.437698
-0.0834768
-0.136545
-0.00364199
-0.629184
0.433291
0.349538
0.29815
0.726398
-0.524944
-0.845823
0.529565
-0.786863
-0.20959
-0.0967437
0.105168
0.542434
-0.25766
-0.121182
0.554769
0.78401
0.991929
1.00079
0.326794
0.0402494
-0.157213
-0.304605
-0.531046
0.864352
0.693369
0.751234
-0.130385
-0.201943
0.229074
0.7225
0.710568
-0.278391
0.385752
-0.526993
-0.30836
-0.548292
-0.471332
0.296773
-0.902824
-0.301198
0.0662561
0.614933
-6.62359
0.094624
0.193995
-0.498099
0.267965
-0.875863
-0.899876
-0.695896
0.396203
-0.143624
0.09613
-0.0632993
-0.735581
0.52759
0.179414
0.646665
0.878671
0.404437
0.718006
0.16533
0.241396
0.520873
0.85468
-0.797788
-0.698051
-1.07944
0.868543
-0.0772438
-0.276515
0.282814
0.488031
-0.343892
0.483418
-0.552877
-0.814687
0.610687
0.724143
0.87022
0.147915
-0.338876
-0.192709
0.497442
0.720483
-0.482693
0.351657
-0.334353
0.592169
-0.196658
-0.247556
0.21129
0.899827
-0.0378857
-0.266331
-0.46091
-0.558788
0.729661
-0.342244
-0.944284
-0.438138
0.601652
0.0420991
0.62698
0.918084
-0.719066
-0.264037
1.08739
-0.652429
0.0283792
0.187732
0.748255
-0.786564
-0.807729
-0.53969
0.11801
-0.198208
-0.324904
-0.0524677
0.0113011
0.614759
0.488021
-0.820586
0.754393
-0.677745
0.157411
0.757176
0.929017
-0.0520289
-0.079503
-0.884475
0.963427
-0.17786
0.926898
0.160105
-0.652374
-0.475051
0.0327671
0.695423
-0.286114
-0.0435833
0.57562
0.27151
-0.946536
0.389135
-0.33045
0.247694
-0.714745
0.917034
0.942682
0.815367
-0.299371
0.540059
-0.269361
-0.754984
-0.018624
0.83908
-0.15055
-0.876874
0.486802
-0.619858
-0.109583
-0.301308
-0.17181
0.394278
0.525683
0.900956
-0.0928919
-0.895581
-0.398215
0.429717
0.049916
-0.520587
0.462713
-0.349366
-0.399323
-0.312496
-0.799843
-0.126998
-0.0439733
0.58854
-0.120392
-0.200526
-0.0215679
-0.312261
-0.373616
0.28942
-0.487408
0.721762
-0.276294
-0.863623
-0.592516
0.593297
-0.290444
0.628426
-0.0400468
-0.39554
-0.187423
-0.348045
0.747215
-0.483259
-0.978341
0.0658007
-0.291176
0.70227
0.372662
-0.365816
-0.448329
-0.738309
0.603307
0.130305
0.235546
0.649598
0.0252261
0.517006
-0.176112
-0.685884
0.223972
-0.707595
0.273941
-0.973179
0.308129
-0.651733
0.821666
0.0756692
-0.39426
0.835202
-0.693834
0.906388
-0.554906
0.519728
0.591867
-0.258393
0.432153
0.779559
0.389047
-0.292061
0.874811
-0.871656
0.991644
0.594316
-0.453497
0.490563
-0.441037
0.193475
0.222529
-0.443916
-0.845827
-0.462463
0.537665
0.901187
0.152678
0.468766
0.91074
-0.547037
0.622502
-0.732793
-0.198594
0.0955561
-0.748142
-0.775623
-1.04295
0.692177
-0.163188
0.0028583
-0.104035
-0.417589
0.361925
-0.267869
0.31054
0.255591
0.405781
-0.74638
-0.887122
0.925434
-0.578434
-0.691186
0.618618
-0.635029
0.158837
0.0113117
0.560181
-0.652877
-0.0133393
0.119827
0.716676
-0.0497351
-0.527587
1.0931
0.70758
-0.129755
-0.639874
-0.787824
-0.368162
-0.788372
-0.578227
0.651385
-0.516106
-3.58066
-0.640905
-0.786734
0.248743
-0.555926
-0.231198
-0.31046
0.85691
-0.800305
-0.0510338
0.178943
0.824732
-0.904208
0.438952
-0.950874
-1.01349
-0.6492
-0.838787
0.747436
0.880057
-0.118713
0.437235
0.470854
0.11009
-0.261376
0.146085
-0.54775
0.21313
-0.427034
0.904288
0.435697
0.546808
0.560258
-0.528918
-0.509748
-0.664141
0.53507
-0.555329
0.18007
0.159753
-0.570799
-0.730643
-0.841058
0.017417
-0.380656
0.585456
-0.285176
0.691204
5.04622
-0.399886
0.157107
0.487924
-0.463995
0.864491
0.36038
0.546181
-0.267006
0.706329
0.611056
0.881742
-0.223403
-0.177731
0.323467
-0.11798
-0.402265
-0.879593
-0.00756351
-0.0629851
0.48018
-0.308903
0.603084
0.724934
-0.0307915
-0.305251
0.590677
-0.657265
-0.15072
0.806726
0.0739617
-0.800344
-0.616196
-0.763554
0.259218
0.557813
-0.908877
0.197301
-0.149183
-0.00722918
-0.0655322
-0.560828
-0.800953
-0.294464
-0.386635
-0.419233
0.662694
-0.787693
0.294232
-0.433828
-0.141649
-0.823049
-0.723754
-0.28365
0.4512
-0.834906
0.827241
0.242761
0.182617
-0.810595
-0.728833
0.62605
-0.961755
0.664627
0.537494
0.521731
-0.97189
0.469521
0.144659
-0.112782
-0.906525
-0.687515
-0.493262
0.750141
0.507459
-0.57191
0.510551
0.372605
-0.130933
0.29826
1.02587
-0.624891
0.410797
0.760639
0.635873
-0.37368
-0.109295
-0.586529
0.985419
0.214673
0.44197
0.849588
0.52479
-0.584113
0.4459
-0.106378
0.413921
-0.570343
-0.0264183
-0.0792942
-0.739711
0.813257
-0.215332
0.738436
-0.43956
-0.446844
0.192555
-0.68445
0.78346
0.324149
0.121697
0.117477
-0.506711
-0.475973
0.0872727
0.604933
0.824912
0.600309
0.143924
0.26091
-0.305789
1.01494
33.3205
0.731791
-0.427909
-0.228346
0.48533
-0.0470415
0.267366
-0.575838
0.499461
-0.199771
0.705509
0.657315
0.169494
0.557269
-0.280465
-0.492814
0.928427
-0.511561
0.73087
0.185874
0.394579
-0.466523
0.0410195
-0.321498
0.450558
0.458204
-0.888494
0.542693
-0.443637
0.111034
0.90028
0.537045
0.25382
-0.851054
-0.570532
-0.911594
-0.71416
0.690497
0.675275
-1.09713
0.834351
-0.516004
0.512474
0.210836
0.0726283
-0.133872
-0.50811
0.973302
-0.315446
-0.672593
-0.911365
0.4586
-0.00127126
0.711288
-0.130361
-0.290923
0.441716
0.140898
-0.392357
-0.1463
-0.21188
-0.567394
-0.22041
-0.660622
-0.904107
0.0272908
-0.345346
0.448911
0.296355
0.66788
0.223633
0.169143
0.726217
-0.116836
-0.872029
0.356232
0.501044
0.393802
-0.802025
-0.479626
0.912907
-0.185523
0.799564
0.466634
-0.160379
-0.283347
-0.000975766
-0.919321
-0.528336
-0.512108
0.107397
0.0634174
0.381228
-0.726614
-0.601079
-0.0579612
0.514136
0.613063
0.397651
-0.0203399
0.0917471
-0.41596
-0.147815
-0.238619
1.06615
-0.53244
1.06573
-0.579297
-0.72749
-0.149688
-0.709785
0.399976
-0.100597
0.778859
-22.4692
-0.331282
-0.15175
-0.491086
0.755192
0.529674
-0.842977
-0.657574
0.210411
-0.0874828
0.887751
0.289245
-0.0665216
-0.805813
0.506543
-0.395733
-0.741591
-0.420664
0.720991
0.408462
-0.536161
-0.270643
1.04195
-0.869715
-0.851216
-0.701799
-0.268757
-0.445638
-2.72397
0.684612
0.182952
-0.372282
-0.196368
0.151082
-0.543689
0.321787
0.35094
-0.347049
-0.420379
0.0542479
-0.580565
-0.500487
-0.320095
0.147358
0.20935
0.0127727
1.64482
-0.570204
-0.580566
-0.847388
-0.337472
-0.401
0.118787
0.248909
0.186269
-0.0913268
0.359417
-0.0133103
-0.490349
-0.318111
-0.77558
0.0371638
-0.714594
0.746049
0.491292
0.699472
0.285821
-0.467393
-0.519668
-1.06734
0.628305
0.830028
0.679731
0.165933
0.495576
-2.90105
-0.455949
-0.755026
-0.613145
0.247591
-0.180207
0.325577
-0.307147
0.273393
-0.513224
0.250924
-0.208325
-0.00740776
-0.130928
-0.858558
-0.847355
0.329272
0.457057
0.493291
0.413309
0.871737
-0.968579
-0.611748
0.0822753
0.707492
-0.050831
-0.761629
0.730034
-0.126069
0.513408
-0.66223
-0.593446
0.210194
0.406829
0.627282
0.465455
0.756116
0.28514
0.202964
0.448321
0.344306
-0.183255
0.447329
-0.915636
-0.892649
0.65843
-0.106909
-0.594708
-0.796557
-0.200311
-0.338518
0.199346
0.628274
0.246142
-0.440946
0.186618
-0.523682
0.186278
-0.460658
0.260569
-0.341686
-8.97063e-05
0.823506
0.109827
0.987447
0.421842
0.966352
-0.0433233
0.345027
0.644135
0.412946
-0.297559
0.119119
0.578803
0.139913
-0.910778
-0.0765005
-0.486948
-0.794569
0.783123
0.119087
0.338973
-1.04005
-0.772604
-0.323247
0.634532
0.218038
0.0748157
-0.95219
-0.23957
0.498992
0.069297
-0.195706
0.557003
-0.355742
0.420685
0.758801
10.0758
0.876339
0.363392
-0.816277
-0.00874952
-0.00178396
-0.72447
0.176118
-0.932064
-0.559446
0.620878
-0.585487
-0.248595
-0.0641822
0.689029
0.186795
0.696875
0.67698
-0.449215
-0.510846
-0.377021
0.441931
-0.882337
0.0343828
0.587907
-0.996
0.0509952
0.244998
0.25528
-0.656334
-0.432463
0.809067
-0.429827
0.528672
-0.250425
-0.374046
0.0234572
0.474444
0.778483
0.482018
0.186288
-0.556112
0.26899
0.248294
-0.395622
0.0529249
0.926459
-0.0310562
-0.554359
-0.905017
-0.0108967
0.016965
-1.08928
0.481051
0.847425
0.608228
-0.187464
0.972012
0.355946
0.469071
0.187882
-0.253637
0.901591
0.230968
0.847654
-0.681578
-0.207976
0.680666
0.33003
-0.144605
-0.822036
-0.0874871
0.561587
-0.428997
-0.21252
0.701114
0.629981
0.597308
0.106676
-0.437497
0.138698
0.596235
-0.533423
-0.131154
-0.586252
0.959049
0.0497225
-0.458479
-0.42533
0.603971
-0.668542
0.593262
-0.329936
-0.540315
-0.077347
-0.177519
0.6389
-0.587195
-0.0351481
-0.0154707
-6.2452
0.742764
-0.581579
-0.668497
-0.246808
0.79441
-0.078825
-0.325816
0.865328
-1.03014
0.631648
0.258137
0.395643
-0.782085
-0.152897
0.494409
0.134025
-0.559197
-0.404664
0.114681
0.32679
0.113358
0.932226
0.747215
0.0986377
0.0647221
-0.522449
0.649256
0.860618
0.407913
0.629468
-0.383209
0.0849286
0.278749
-0.406835
0.653736
0.362555
-0.129557
0.430314
0.227369
-0.809076
-0.350812
-0.563623
0.641073
0.663171
-0.233283
-0.398696
-0.84679
-0.382137
0.117993
0.090194
0.721426
0.045193
0.815681
-0.225411
0.0834062
0.764576
0.0979251
-0.408543
0.122381
-0.114466
-0.860771
-0.840819
0.572577
-0.22683
-0.555817
-0.45386
-0.506322
-0.6277
-0.503073
0.312206
0.134296
-0.714767
-0.58278
0.157024
-0.339971
-0.580708
-0.0888608
-0.845771
0.501035
-0.0318696
-0.0869957
-0.606973
0.059313
-0.116403
0.859323
0.42442
-0.404048
0.501863
0.392096
1.03477
0.203149
0.696605
-0.178533
0.209358
-0.00810964
-2.34128
0.183618
0.20336
-0.714561
0.326793
0.597279
-0.691042
0.307664
0.788455
-0.48963
-0.259003
0.899584
-0.490985
-0.555681
-0.183137
-0.590653
-0.286313
0.854077
0.510654
-0.0151352
-0.660988
0.815493
-0.893022
0.630157
0.82474
-0.0429207
-0.131227
-0.236964
-0.566722
-0.284599
-0.659813
-0.527584
-0.1205
-0.726374
-0.824175
-0.192248
0.583957
-0.501784
0.695972
-0.471785
-0.45224
0.799454
0.525822
0.745461
0.0166829
-0.046388
0.114676
0.735956
-0.255414
0.256899
0.814074
0.98779
-0.699303
0.297392
0.636771
0.442939
-0.579902
0.369104
-0.689866
0.371192
-0.0234488
-0.917905
0.845746
0.387151
0.507636
0.448919
1.04703
-0.756671
-0.685236
-0.0329342
-0.535785
-0.63705
-0.337806
-0.542856
0.800129
-0.131871
-0.563529
-0.430787
-0.138085
-0.512792
0.50943
-0.515041
0.666345
-0.928195
0.0678859
0.243744
0.298175
0.4833
0.282752
-0.767284
0.045673
0.995648
0.576511
-0.602377
-0.682415
0.426244
0.337482
-0.900162
0.47364
-0.750326
-0.354067
-0.532023
0.0281963
-0.475748
0.29455
1.01085
-0.196753
-0.5431
-0.13915
0.582502
0.152599
0.0855986
0.0801236
-0.539133
0.149746
0.754044
-0.227005
-0.251788
-0.650157
-0.895493
-0.0850295
0.147155
-0.222143
-0.524944
-0.193133
0.118859
-0.137043
0.466014
0.0273786
0.311741
0.341522
0.332708
3.18794
0.902757
0.751031
0.403165
0.655906
-0.707347
0.0267886
0.539993
0.673436
0.59527
0.906231
0.0481049
1.01615
-0.190784
0.0122379
0.798799
0.146391
-0.618419
0.0341877
0.529475
-0.182741
0.0128245
0.580431
0.764162
-0.448719
0.734599
0.147043
-0.883578
-0.309192
0.50689
0.670431
0.58017
0.176207
-0.000481766
0.466526
-0.760969
-0.607185
0.310269
-0.215637
-0.493438
0.5651
-0.141174
0.541964
0.0595148
-0.366286
0.993289
-0.448972
-0.481875
-0.701587
-0.517051
-0.910677
0.154091
0.583294
0.739713
0.74849
0.036019
-0.108392
0.677728
0.522237
-0.112053
-0.196482
-0.117899
-0.262357
0.210859
0.552317
-0.256632
0.401838
0.732713
0.650673
-0.594745
-0.00113091
0.76602
-0.250119
-0.806257
0.689742
-0.300214
0.325708
0.11227
0.00682424
1.07739
-0.347937
0.13686
0.886506
-0.96308
-0.953285
0.358994
0.182356
-0.45621
-0.592531
0.879713
-0.478243
0.869735
0.356717
-6.41226
-0.330557
0.595256
6.28048
-0.510663
-0.892708
0.721938
0.842925
-1.00132
0.33567
0.0778293
0.700852
0.016601
0.705221
-0.464278
0.50208
0.0888782
0.594509
-0.733453
-0.711791
0.300064
0.648955
-0.751394
-0.0598271
0.0636089
0.381586
0.73879
-0.487173
-0.116422
-0.673325
0.534626
0.334841
-0.700874
0.987435
0.252585
-0.189486
0.0657903
-0.107709
0.243917
-0.905182
0.856427
-0.278758
0.86444
-0.431136
-0.565922
0.59538
-0.320716
-0.261269
-11.8474
0.444179
-0.47886
-0.316381
-0.349593
0.116514
0.786064
-0.424156
0.753303
0.535158
-0.0426737
-0.509931
0.618889
0.926488
0.181755
-0.124121
-0.355416
0.715804
0.840843
0.414752
-0.319356
0.354139
0.538851
0.455709
0.386458
0.853762
0.532802
0.523831
-0.372666
-0.708746
0.951946
-24.3044
-0.5579
-0.405148
0.381942
0.695436
0.166544
-0.671708
-0.827395
-0.424858
0.401086
0.636394
0.42117
-86.8129
-1.03218
0.321611
-0.505265
-0.339571
1.02984
-0.410555
-0.330117
0.420255
-0.732578
0.0619613
-0.959838
-0.148877
-0.488965
0.197316
0.838199
-0.435539
-0.805448
-0.510963
-0.330778
-0.399328
-0.705599
-0.841738
0.454342
-1.01496
-0.301055
-0.477678
0.815221
0.753714
-0.476705
-0.897585
0.676693
0.365964
0.0764931
-0.0278509
0.76751
0.298493
0.119076
-0.358781
-1.05844
-0.351828
0.479691
-0.762912
-0.342476
-0.0706029
0.223165
-0.760295
-0.27083
-0.487245
0.347912
-0.201104
0.0916552
-0.774002
-0.276841
0.183881
0.446373
0.527582
-0.178011
-0.267911
-0.0624012
-1.0104
0.442353
0.784843
0.031103
0.630767
-0.170319
-0.531858
-0.28762
-0.358804
-0.571752
0.994948
-0.105289
-0.01101
0.351196
-0.829479
-0.501061
0.385712
-0.458143
-0.412751
-0.749326
0.580904
-0.311254
0.823084
0.562081
0.774254
0.361767
0.485731
-0.297427
-0.692105
-0.24263
-0.538911
-0.287861
-0.366046
0.0707055
-0.26991
-0.518447
-0.268865
-0.799039
-0.899044
-0.0329367
-0.248535
0.752317
0.267207
0.61467
-0.321995
-0.207056
0.897556
0.455238
0.192202
0.989907
0.412005
0.251348
0.76132
-0.611489
0.253194
0.983002
0.67922
0.685253
-0.817601
0.284972
0.295075
-0.081022
0.621342
0.86706
0.503456
0.298277
-0.70872
-0.310652
0.538529
0.962987
-0.0503881
1.03513
0.395041
0.42976
0.785707
0.277085
0.050898
0.726382
0.25378
0.312905
-0.0828932
-0.170989
-0.44351
0.416588
0.194481
-0.547616
0.554286
0.565947
0.469489
-0.574088
0.129681
20.8788
-0.816842
0.0571466
0.122393
0.411324
-0.0643341
0.495221
-0.6831
-0.397769
-0.59517
0.400065
0.775502
0.61697
0.183112
0.259613
0.42848
0.142326
-0.978357
-0.97833
0.635188
-0.56499
-0.775986
-0.0500946
0.434443
0.289313
0.116403
-0.652865
-0.891862
-0.214466
-0.287475
0.323317
0.0713431
0.590667
-0.902194
0.218344
0.253097
0.426696
0.463064
0.262619
-8.73939
-0.481179
-0.268225
-0.0799947
0.210385
-0.430229
0.183935
-0.691509
0.892049
0.409281
0.649109
-0.75076
-0.584604
0.433002
-0.298943
-0.592941
-0.419529
-0.780841
-0.150081
0.348535
-0.759895
-0.479884
0.376358
0.939811
0.636348
-0.704908
-16.2348
0.632503
0.775389
-0.470593
0.496101
-0.204897
0.406895
0.183468
0.211741
0.183386
0.509704
-0.235882
0.344031
-0.106775
-0.876123
0.525465
-0.897734
0.889494
-0.691289
0.514609
-0.295966
-0.821451
1.07913
0.522703
0.610531
0.608575
0.659732
-0.568662
-0.241785
-0.360357
0.113764
-0.0466149
-0.575713
0.646477
0.260902
-0.754821
0.667702
-0.214768
-0.488573
0.633357
-1.00706
-0.451503
-0.0117682
0.60258
0.302339
1.04139
-0.67461
0.859702
-0.424149
-0.368261
-0.0663373
0.876948
0.379693
0.413627
-0.518254
1.04535
-0.886456
0.441428
-0.288228
0.417041
-0.157131
-0.208495
-0.375076
1.08914
0.440006
-0.531615
0.00280843
0.744896
0.664855
-0.447449
-0.916166
0.867168
-0.0466387
-0.636792
-0.743993
-0.042815
0.478584
-1.00013
-0.402664
0.267518
-0.498614
0.727246
-0.0639505
-0.222887
-0.266513
0.0244392
1.05356
1.02967
-0.981044
-0.773825
0.458401
-0.36413
0.963301
-0.337851
0.493889
-0.387184
0.722874
-0.665766
0.714656
-0.307302
0.0297714
0.533332
0.490416
-0.130681
-0.28255
0.975869
-0.592752
0.0865041
1.00641
0.422495
-0.0247777
-0.44446
-0.267191
0.659983
0.513078
0.739862
-0.0862892
-0.491071
-0.737313
0.304224
0.64486
-0.0530725
-0.57306
0.66994
0.425719
-0.572031
0.493054
0.19203
0.511334
-0.622333
-0.507923
0.487178
-0.0495964
0.272846
-0.78869
0.167824
-0.191277
-0.651357
-0.531963
-0.372878
0.35271
-0.761894
-0.426308
0.616094
0.666534
0.721132
-0.207172
-0.537372
0.728084
-0.276181
0.375962
0.531336
-0.59582
-0.60366
-0.273175
0.134523
-0.954297
0.0790451
0.720273
-0.949895
-1.07923
-0.87077
-0.416362
0.635376
-0.466196
0.125104
-0.585633
0.76744
-0.337101
-0.546789
-0.934819
0.661654
0.477272
0.688114
0.9572
-0.0505637
0.795674
-0.0871509
-1.06848
-1.09045
-0.199874
0.662093
-0.383314
0.235957
-0.728419
1.05081
-0.422509
0.22609
-0.0303588
0.715705
0.548044
-0.921185
0.227344
-0.828826
-0.98268
-0.200043
1.06869
0.732659
0.654604
0.244351
-0.450202
-1.04353
0.107824
-0.862337
0.72123
-0.156372
-0.899034
-0.0590196
0.975617
-0.920399
0.935157
0.297268
0.359751
-0.67155
0.956319
0.0967586
0.412375
-0.859374
0.285998
0.827567
0.0929725
-0.404011
-0.612441
0.776145
0.886798
0.454471
0.0396359
-0.0349604
-0.0519308
0.453852
0.113655
0.775718
0.838575
0.09691
0.643041
-0.0838004
0.380961
0.38424
-0.219786
0.118067
3.50666
0.536986
-0.602502
-0.561572
0.79418
0.335833
-0.546964
0.860416
0.121238
0.0796986
0.717375
0.379151
0.455543
0.712867
-0.790943
0.119934
0.943329
-0.00987132
0.280903
0.897627
-0.395253
0.148907
-0.443385
-0.735259
0.476291
-0.851004
-0.816746
-0.375414
-0.279226
0.814105
-0.067517
0.68216
0.359503
0.287566
0.069935
-0.233664
0.0653511
-0.146506
-0.436745
-0.374725
-0.033705
-0.786116
-0.364071
0.325599
0.96649
0.423245
0.506787
3.55322
0.234601
0.87024
0.701259
-0.756187
-0.334548
-0.0259866
-0.015838
-0.226018
-0.778733
-0.686587
-0.734384
0.232237
-0.780692
0.152293
0.672336
0.896444
-0.181072
-0.861253
0.0138714
0.647019
-0.629711
-0.402791
0.370529
0.888829
0.602991
0.309439
0.853509
0.32538
-0.864506
0.800644
0.123419
0.558153
-0.381613
-0.283866
1.02777
0.980672
0.276792
-0.575364
0.245949
-0.769484
-8.16376
0.00810796
-0.897883
-0.591697
0.910945
-0.557357
-0.271972
-0.575792
-1.08448
-0.970344
-0.704802
-0.468989
0.114863
0.119019
-0.352055
0.475376
0.617348
0.00345581
0.763605
0.547479
-0.866551
0.0288935
0.281042
0.136135
-0.141131
-0.830094
0.269306
-0.065802
-0.428691
-0.497814
0.63926
0.989432
-0.329995
-0.00371217
-0.883384
0.219423
0.51759
-0.781002
-0.572689
-0.785935
-1.05699
-0.389564
0.409638
-0.33654
0.0643151
-0.443158
-0.86753
-0.0367533
0.100475
0.548083
0.159474
0.289378
0.445721
-0.119478
0.0553842
-0.179022
0.400119
-0.574245
0.941038
0.371478
0.644479
-0.610458
0.498938
-0.82131
-0.352167
-0.442144
0.0644814
0.0230601
0.855596
-0.611221
-0.335521
-0.583016
-0.946846
0.422979
0.111796
0.130267
-0.528227
-0.205004
0.982206
0.038812
0.250305
1.05364
0.691684
-0.599874
0.648153
0.454568
-0.496959
0.938627
0.288849
-0.766601
-0.217191
0.173807
0.374581
-0.315393
-0.680464
-0.247674
0.761589
-0.358004
-0.43103
0.531238
0.546602
0.120108
0.771365
0.118174
0.215661
0.413661
-0.464287
0.227441
0.301085
-0.53518
-0.662825
0.849828
-0.198803
-0.611088
-0.871747
-0.0722812
-1.01988
0.305957
-0.000843696
-1.02717
-0.34897
1.0589
0.669527
-0.241769
0.0179836
-0.287411
-0.16337
0.538005
-0.43829
-0.535374
-0.0136863
-0.917191
-0.471634
-0.570621
-0.894277
-0.0453182
0.271109
-0.555834
-0.55091
0.543792
0.607342
0.859951
0.667081
-0.137366
0.308793
0.886257
0.725705
0.0831717
7.22601
0.198282
0.646823
-0.754771
0.378518
0.259001
0.790432
-0.333338
0.158565
-0.400167
-0.323161
14.0565
0.143917
0.0949323
0.579743
0.886388
0.809334
-0.903746
0.415573
0.895963
0.0420656
-0.488349
0.3514
-0.475291
0.0828478
-3.2505
0.236177
-0.630354
0.806975
1.09863
0.69832
0.478542
-0.584897
0.641733
-0.593463
0.0175419
0.246795
0.756475
0.984317
-0.247577
0.485694
0.381286
-0.69173
0.163382
-0.544736
-0.54967
0.187186
0.0934393
-0.454623
-0.0676619
1.03261
-0.462377
-0.774808
-0.0620772
6.15555
-0.135196
-0.649561
0.702595
-0.596451
-0.216089
0.609242
-0.581854
0.422478
-0.737087
0.345186
-0.675399
-0.21392
-0.796955
-0.547097
0.596763
0.920124
0.446876
-0.568373
-4.31179
-0.70079
-0.296279
0.401706
-0.788676
-0.795574
0.625685
-0.0380251
0.420088
-0.562673
-0.654401
0.729332
-0.591988
0.670161
0.147991
0.544371
0.815207
-0.734423
-0.277384
0.754678
0.825061
-0.0278306
0.753554
0.0603598
-0.244042
-0.262172
0.759249
0.413999
-0.549498
-0.615791
-0.219479
-1.0074
0.317122
0.518188
-0.354676
-0.066718
-0.183844
-0.000258034
0.54335
0.248152
-0.370928
0.188893
0.354281
-0.634196
-0.130059
0.330063
0.357735
-0.809582
-0.0905384
-0.354835
0.282287
0.8599
0.902032
0.744321
0.909854
0.0834976
0.679601
-0.165545
0.233237
-0.873991
0.0699838
-0.478556
-0.777775
0.0175181
-0.413538
-0.91265
0.996638
-0.529668
-0.228141
-1.02348
0.448014
-0.0216527
0.449441
-0.246732
0.980139
1.07527
0.710856
-0.237207
-1.0197
-0.126703
-0.622898
0.746356
-0.336553
0.0648411
-0.411394
0.0732913
-0.94033
-0.819373
-0.188428
0.664485
0.322903
0.159206
0.873612
-0.822973
0.943271
0.0487643
-0.457142
0.344611
-1.02084
-0.87441
0.0449159
-0.644571
-7.93409
-0.642844
-0.754529
-0.119033
-0.871786
0.17742
-0.230252
-0.366723
-0.703786
0.569129
-0.685255
-0.67833
0.167135
-0.698236
-0.64534
0.843079
-0.0229202
0.225443
0.714061
0.732055
-0.346077
0.742565
-0.110177
0.0135819
-0.179035
0.316679
0.514655
0.0344382
0.753409
-0.918351
0.859497
0.672012
-0.322663
-0.671301
0.400214
-0.718276
0.456783
-0.294162
-0.483764
-0.963
-0.636605
-0.715566
0.394364
-0.496095
-0.471544
-0.365843
-0.687231
-0.133971
0.449184
-0.393766
-0.123471
0.181008
0.80082
-0.411474
0.635283
0.531091
-0.662111
-0.390599
0.764097
-0.790117
-0.0332288
0.43645
0.716641
0.440057
-0.421925
-0.892162
-0.788499
-0.217768
-0.518254
-0.101537
0.138052
0.0462003
0.928743
-0.035362
-0.913576
0.761544
-0.364462
-0.970913
0.575169
0.428272
-0.444525
0.115716
0.314408
0.830005
0.677728
0.698033
0.305853
-0.591061
-0.886041
-0.680988
0.0890694
-0.333701
0.935856
0.676171
-0.553812
0.609856
-0.804806
-0.714946
0.0568667
0.0848882
0.958983
-0.652174
-0.563687
0.719531
-0.0886366
0.445318
-0.644845
0.0627615
0.828829
0.742373
0.489086
0.712873
-0.924491
-0.206347
10.2429
-0.0846335
-0.164843
-0.250003
-0.12392
0.178543
-0.194649
-0.96304
0.163204
0.49424
-0.00247673
0.643274
-0.0241213
-0.179202
0.599751
1.08412
0.082933
0.801883
0.239673
-0.739355
0.540106
0.0908361
-0.814621
-0.0821827
-0.267959
-0.321965
0.527988
0.793311
-0.0841423
0.236929
0.294551
-0.199069
-0.635471
23.7553
-0.870331
0.532151
-0.266172
-0.950635
0.467987
0.657678
0.968093
0.370144
0.518226
-0.450595
0.88321
-0.5422
-0.326776
-0.820874
0.844435
-0.127454
0.692237
-0.107846
-0.923996
-0.861779
-0.957111
-0.919244
1.06869
-0.115157
-0.209169
0.709984
0.859142
-0.901544
0.296336
0.995178
-0.896445
-0.575191
0.582406
0.999216
-0.270339
-0.696509
0.765647
0.644834
0.201523
-0.0494201
0.138388
0.533219
-0.38636
0.281144
0.23806
0.489631
0.405635
-0.0948966
-0.840322
-0.801542
-0.202614
-0.972052
-0.562269
0.453279
-0.595521
-0.952018
-0.84399
0.861386
0.016039
-0.338973
-0.546109
0.838258
0.273873
0.0825093
-0.99154
-0.461288
-0.66345
-0.777843
-0.734696
0.435206
0.542271
0.582971
-1.04846
-0.481664
-0.289619
0.059112
-0.032486
-0.365733
-0.744072
0.573066
0.696252
0.723753
-0.581478
0.286418
-0.790451
-0.0569664
-0.511744
-0.756732
0.735601
-0.139594
-0.815353
-0.831039
-0.139156
1.04641
0.821063
0.827175
-0.567422
-0.462512
-0.188732
6.44639
-0.705507
-0.804807
0.255291
-0.545197
0.0685291
-0.230047
-0.770685
0.692595
0.158966
0.139689
-0.579437
-0.433658
0.778475
0.639861
-0.67686
0.679196
0.554764
0.689947
-0.735946
-0.347925
-0.646876
0.611854
0.176937
-0.868745
0.18513
0.553219
0.419608
-0.615617
-1.13773
0.949097
-0.507057
-0.472666
-0.324858
-0.0450106
0.913516
-0.218106
-0.671495
0.611536
-0.986889
-0.856453
8.91246
0.935914
0.779763
0.273586
-0.338604
-0.298205
0.939058
0.628611
-0.296793
0.220002
0.133591
0.174629
0.150086
-0.572284
1.09761
-0.392077
0.683833
0.550033
0.972071
0.542282
1.07758
-0.206284
-0.167256
-0.873418
0.560378
0.70375
-0.227528
0.354418
0.714368
0.152386
0.458369
0.470951
0.637655
0.424316
0.273643
-0.18618
-0.463986
-0.00444018
0.625293
-0.383178
0.532024
0.840596
0.0437667
0.275918
0.907369
-0.479957
-0.282605
-0.267415
-0.860164
0.148922
0.413473
0.491737
-0.43277
-0.921011
0.348023
-0.731213
-0.510062
0.711504
0.740514
-0.518111
0.402932
0.64307
0.417103
-0.701774
0.644285
-0.64059
-0.870878
0.196228
0.750395
-0.635023
0.135248
-0.803929
0.307466
3.26113
-0.309219
0.526886
0.41611
0.317076
0.774971
0.894226
-0.629707
0.373589
-0.500166
-0.446745
-0.869973
-0.55252
0.120847
0.397724
0.00482222
-0.680393
0.508543
0.160788
-0.742669
14.4173
0.280545
0.44407
-0.583295
0.189484
0.654598
0.737278
-0.685076
-0.536306
0.770186
0.558931
-0.270172
0.760862
-0.854406
0.436057
0.433503
-0.698701
-0.432559
0.263711
-0.138671
-0.340279
-0.295321
0.425742
-0.169537
0.762342
0.704541
0.478702
0.4653
-0.420849
0.762564
-0.701052
0.30618
-0.450697
-0.291319
-0.675058
0.426741
6.65585
0.636684
0.877814
-0.65074
0.965536
-0.508083
-0.318605
0.311264
-0.725297
-0.915039
-0.20175
0.423252
-0.918757
-0.915038
-0.195137
-0.135366
-0.0537953
0.168175
-0.9315
-0.828701
-0.712596
-0.607422
1.02228
0.64636
0.432445
1.0247
-0.71047
-0.556821
0.495597
-0.416855
0.336753
0.627448
0.607838
-0.536933
0.963171
17.6512
0.356651
-0.885004
0.191712
-0.410585
-0.751449
-0.155656
-0.777304
-0.629269
-0.531057
-0.0179587
-0.465098
-0.401638
-0.787509
0.620034
-0.351512
0.904134
-0.922473
0.441702
0.536388
0.526827
-0.0669848
-0.202541
0.173741
0.687248
-0.592994
-0.577987
0.452572
0.0935379
0.0922211
0.715789
0.426283
-0.140321
0.139087
0.435819
-0.476503
-0.610322
-0.750684
0.166622
-0.192996
-0.640703
-0.366929
0.948301
0.567037
0.484179
0.44033
-0.956233
0.757007
-0.484937
0.206579
-0.274948
0.630742
-0.414479
0.19195
0.47644
37.1505
0.413375
0.467877
0.190184
-0.507797
-0.646263
-0.78672
-0.814755
0.832592
-0.333339
0.46964
0.420363
0.534162
0.335593
-0.705106
-0.0619647
0.0122519
0.456719
0.863346
0.583177
0.510166
-0.397358
0.701127
-0.0340725
0.486022
-0.494839
-1.04369
-0.915579
-0.34657
0.821718
0.483969
-0.8216
-0.468843
-0.703603
0.624727
-0.734361
-0.552862
0.571692
0.991548
-0.273794
-0.730798
-0.812603
-0.67899
-0.565863
0.429675
0.952931
0.739322
-0.689558
-0.821962
-0.628924
-0.874907
0.754527
0.452946
0.547848
-0.970724
-0.629682
-0.823032
0.210418
-0.476312
-0.780264
-0.325916
0.404913
-0.578472
-0.170246
0.850734
-0.384991
0.146791
-0.393173
0.503531
-15.5672
0.611077
0.826251
-0.524235
-0.536716
0.795861
0.36563
-0.454964
-0.148377
-0.654446
-0.585059
0.654355
-0.721972
0.506213
-0.592409
0.130837
-0.0996112
0.545405
-0.714398
-0.402697
0.639141
-0.0701843
0.328859
-0.470609
0.0235601
0.55474
-0.284494
0.686102
0.80289
-0.171431
-0.345022
-0.23572
-0.946143
0.617847
0.647538
1.08568
-0.492482
-0.721326
-0.620501
-0.485591
-0.455593
1.08123
-0.265187
0.398017
0.7318
-0.388466
-0.626582
-0.0823322
-0.254263
18.8386
-0.896752
0.685445
0.642859
-0.328825
0.090681
0.339209
0.643816
-0.778728
-0.549273
0.00270139
0.471933
-0.700639
0.946378
0.50961
0.197664
-0.388503
-0.598465
0.714623
-0.677833
0.396672
0.490079
0.294411
0.751356
-0.149719
0.294903
0.331566
0.865326
0.162236
0.467372
0.645291
0.604089
-1.04727
-0.699675
0.372213
-1.04543
0.00623274
-0.103077
0.301852
-0.614433
-0.190809
0.481441
1.07667
-0.358597
-0.970521
0.548346
0.682648
-0.593047
-0.563788
-0.0218206
-0.710453
-0.662672
-0.942471
0.215868
0.127737
0.643139
0.0260912
-0.253787
0.50809
0.750461
0.259332
0.0520398
-0.628477
-0.0179505
0.893655
0.505739
-0.854445
0.627411
13.5248
0.156951
0.726491
0.866374
-0.587221
-0.779258
-0.0463079
-0.30524
-0.503127
0.569513
-0.690346
-0.127049
0.0271918
-0.0297172
-0.409454
0.617735
-0.585972
0.712005
-0.658743
0.666565
0.076444
-0.504153
0.875074
0.930897
-0.787828
0.270466
-0.211014
0.450239
-0.313114
0.610836
0.482614
0.417165
0.328112
-0.455914
0.0122249
-1.02071
-0.0918049
-0.167604
0.483507
-0.0524411
0.273134
1.02014
-0.680326
5.83654
-0.46784
-0.348481
-0.51767
0.105649
0.386122
0.706746
-0.287406
0.539635
0.669606
0.877494
0.225341
-0.000335794
-0.0258211
0.0569355
0.464322
-0.48126
0.152251
-0.857671
-0.319425
-0.311077
0.921028
-0.301643
0.265253
-0.239162
0.120849
0.281793
0.300185
0.25106
-0.798593
-0.587646
-0.447232
0.134183
-0.198444
-0.186631
0.385181
0.14032
-1.0189
-0.618268
-0.639047
0.726439
0.030242
-0.539349
-1.08643
-0.701688
0.884457
0.327598
-0.639033
0.779888
0.2339
-0.246889
0.640546
-0.368074
-0.0910163
-1.07845
0.644496
-0.209543
-0.892748
-0.249921
0.766293
-0.814983
-0.618773
-0.298762
-0.422773
0.728489
0.0578455
-0.203496
-0.606566
-0.306156
0.475108
-0.250411
0.46847
-0.314042
-0.443498
0.0290425
-0.349145
-0.609987
-0.154783
0.778827
-0.463546
-0.0752532
0.173761
-0.650286
-0.840894
0.168282
0.128767
0.9867
0.0846295
0.543089
-0.848284
-0.872908
0.147239
-0.0398444
0.192679
-0.571602
-0.0874637
-0.109945
0.213301
0.440038
-0.342645
-0.969207
-1.09428
-0.260622
-0.600755
0.598161
-0.344837
-0.245579
0.449645
0.878032
-0.641401
-0.371188
0.0361386
-0.411904
0.8189
0.0310566
-0.439411
-0.136512
0.47673
-0.0802852
-0.0116357
0.562959
-0.525027
-1.09366
0.681949
0.441924
0.249916
-0.197116
0.289713
0.598662
0.200396
-0.0779522
0.709699
0.0677534
-0.348586
0.315519
-0.266927
-0.381636
-1.06146
0.70105
-0.125072
0.292814
-0.746553
0.628447
-0.754598
0.835908
-0.698494
-0.624515
-0.596094
0.465567
0.510964
0.344477
0.72303
0.406005
0.0212754
0.130185
0.7778
-0.499622
-0.729123
0.0825779
-0.647215
0.271802
0.58252
0.616178
0.562117
0.356968
0.33525
-0.593899
0.755601
0.379542
0.39022
-0.443239
0.90539
-0.650514
-0.828675
0.244787
1.01715
-0.782351
-0.290029
0.107327
-0.515952
-0.249301
-0.950203
-0.482781
-0.0830589
0.710483
0.976929
0.0676946
-0.196581
-0.178079
0.14041
-0.925796
-1.06021
-0.435497
-0.0877335
0.542638
-0.560543
-0.810941
-0.72111
-0.560472
0.455078
-0.323724
0.680869
0.474498
0.160636
0.338694
-0.5638
-0.544734
0.797966
-0.650432
-0.272303
0.0402541
-0.77163
0.177618
-0.615968
-0.0785393
0.0415901
-0.597899
0.0963643
0.621284
1.04152
0.864457
-0.17186
0.591703
0.167074
-0.887194
-0.589666
-0.502869
0.538304
0.542257
-0.467924
-0.852565
0.400658
-0.275161
-0.671379
0.724643
-0.39598
0.446634
-0.521148
-0.438421
0.823712
0.213595
-0.107141
0.440249
0.5438
0.0716527
-0.156356
0.65645
-0.274683
-0.0946524
-0.755732
-0.327341
-0.625871
-0.595406
0.486224
0.110465
0.678623
-0.85453
0.405893
0.621744
0.0850434
-0.204129
-0.976525
-0.482351
-0.675617
0.748602
-0.130113
0.199546
0.421091
-0.910956
0.57546
-0.302191
-0.152038
0.874633
0.283463
-0.743162
-0.0602366
-0.326486
0.584759
-0.950995
-0.03146
0.776114
0.440299
0.270562
-0.692264
-0.615623
-0.446545
-0.188663
-0.231189
-0.645391
0.622833
-0.495732
0.328836
0.632058
0.0570798
0.0944475
-0.0255979
0.665076
0.525803
0.354066
0.226453
-0.689571
-0.650167
0.326096
-0.44188
0.451231
0.994381
0.536425
0.960457
-0.51265
-0.218538
-0.443249
0.165387
-0.315637
0.692705
-0.523736
-0.193938
-0.859716
-0.405137
0.295711
-0.365342
-0.147217
0.247559
-0.415654
-0.520279
-0.0655613
-0.61083
0.695118
0.137253
-0.87514
0.122169
-0.546579
0.70936
0.411794
0.524673
0.83735
0.384353
-0.88182
-0.0103126
-0.325816
0.292897
-0.351861
-0.853186
-0.00315729
0.641866
0.311768
0.509374
-0.653932
0.560989
1.02689
0.772824
-0.378218
0.151252
-0.765893
0.312768
0.950393
0.989477
0.587886
0.2958
-0.132119
0.673784
0.268507
0.405373
0.0653903
-0.79599
-0.221941
-1.01211
0.353598
0.85678
-0.209498
-0.342343
-0.260415
0.22908
0.364948
0.372518
0.392813
0.130097
0.691468
0.200648
-0.525736
-0.401252
0.146128
0.150292
0.824453
0.171172
0.213214
0.146784
-1.0761
-0.0223472
0.431767
0.599406
0.0711124
0.491904
0.928149
0.325495
-0.894613
0.197382
-0.750415
0.0248653
-0.00191086
0.0511789
-0.281109
0.612761
-0.0205658
0.487145
-0.783517
-0.0722891
0.226921
-0.154901
0.343558
0.944087
-0.871505
-0.731545
-0.0397188
-0.552439
0.463091
-0.564136
-0.774425
0.869953
-0.269907
0.169063
0.73224
-0.475893
0.00320864
-0.048581
-0.181297
-0.550865
-0.84608
-0.464649
-0.195372
-0.198928
0.687691
0.639272
-0.0406538
0.761096
-0.133784
-1.02683
-0.198111
0.0178342
0.772787
-0.520925
0.234338
0.204047
0.192532
-0.0853533
0.12472
-0.56026
0.16983
-0.562016
-0.378539
-0.894826
0.576472
-0.57787
-0.788693
-0.890112
0.587402
0.0535785
-0.200528
-0.880546
0.772796
-0.755893
-0.824015
0.493115
-0.888736
0.472161
0.688021
-0.822065
0.767892
-0.0782122
-0.953198
0.0231747
-0.0869023
0.506809
0.255921
-0.974364
0.908276
-0.26634
0.28306
-0.658093
0.847868
0.206373
0.18825
-0.546362
-0.3776
0.210298
-0.00961085
0.548179
-0.606593
0.688127
0.0650106
0.215344
-0.424099
0.115533
-0.768244
0.798369
1.01782
-0.530242
-0.460479
-0.356083
-0.267508
1.04004
-0.716408
0.858402
-1.05897
0.421191
-0.746145
0.576569
0.0410655
-0.00329677
-0.111456
-0.342279
-0.209395
-0.829719
-0.985172
0.445928
0.469322
-0.309334
-0.407102
0.304681
0.242751
0.533218
0.581603
-0.0296884
0.0541732
-0.195581
-0.461585
0.430514
-0.436961
0.522853
0.385668
0.980507
-0.527214
-0.326936
-0.84355
-0.476175
-0.667621
0.771229
0.0710129
0.506401
0.327055
0.679523
0.213387
0.498216
0.83469
0.631001
-0.167475
0.121788
0.0691293
1.05372
1.00344
0.10806
-0.285328
-0.466976
-0.154757
0.42601
0.513725
0.413596
0.65495
0.582263
-0.6533
-0.0437693
0.147622
-1.08619
-0.764426
0.347139
-0.375642
-0.208771
-0.766585
0.237919
0.0280231
0.686567
0.357245
-0.0750675
0.244238
-0.875985
0.234105
-0.474103
0.838396
-0.116816
0.639783
0.547206
0.63761
-0.0419157
-0.659014
0.792864
0.0680124
0.548418
-0.72566
-0.178405
-0.786322
0.700877
-0.0399444
-0.423458
0.676771
0.323356
0.0290775
-0.533892
0.754872
0.789031
0.308004
-1.01206
-1.02001
-0.615764
-0.234776
-0.891742
-0.0442344
-0.41635
0.576321
-0.276474
-0.894652
-0.199599
-0.583619
0.00696736
0.852209
-0.0889753
0.153071
-0.196116
0.302658
0.739625
-0.438329
-0.589963
0.167917
-0.620626
0.767964
0.561721
-0.0130603
0.852691
-0.964723
0.694067
0.139513
-0.893118
0.590443
-0.0582788
0.143078
-0.127411
-0.845962
-0.650402
-0.437432
0.833349
0.0101037
0.0475437
0.045505
-0.31193
0.787634
0.474978
0.00405644
0.120169
0.672504
0.701842
-0.355309
0.476817
-0.121262
0.416353
-0.623409
0.218522
0.124409
0.997611
0.348893
-0.291782
0.765857
0.939695
-0.0424704
0.411653
0.159623
1.02096
0.291637
0.7825
0.0716626
-0.693953
-0.72895
0.0900486
0.0848991
-0.537365
0.246837
-0.057828
-0.931094
0.114721
-0.582641
-0.893345
0.412231
-0.928146
-0.0225352
0.519475
0.238111
0.59969
-0.704
0.213602
0.666899
-0.85724
0.0482125
-0.214595
0.791362
0.779357
0.0853846
0.361713
0.726157
0.539317
0.917682
-0.571133
44.7632
-0.789713
-0.544629
-0.344622
0.155435
0.417018
0.418273
0.511619
-0.351925
0.332154
-0.0741625
-0.0961189
-0.0661612
0.250099
-0.524336
0.793837
-0.39387
0.914433
0.694703
0.850995
-0.022444
-0.970396
-0.263099
-0.780978
-0.295636
0.276085
0.717768
-0.443147
-0.395746
-0.0592836
0.845867
-0.836849
0.241116
-0.414402
0.123365
-0.242119
0.744346
-0.387108
0.166833
0.352256
0.866681
-0.443025
0.78598
0.240362
-0.823441
0.634457
3.33368
0.516785
-0.205932
-0.283632
-0.687145
0.264956
-0.832916
0.824012
-0.360149
0.406248
0.422279
0.649625
0.734451
-0.920723
0.614636
-0.0285617
0.541416
0.917379
0.194061
-0.572605
-0.400797
-0.711141
-0.0992668
0.0562804
-0.858822
-0.14713
0.658253
0.800772
-0.665798
0.39535
-0.420111
0.789638
-0.427531
0.203714
-0.708225
-0.76618
0.557477
-0.0051114
0.0746153
-0.241545
0.534964
-0.136128
-0.562802
0.146333
0.69089
0.169346
0.0937559
0.522238
0.0954897
0.393411
-0.778234
-0.537455
1.01929
-0.488765
0.600757
0.264223
-0.38709
-0.726977
0.211755
0.861812
-0.242613
0.592378
-0.0557781
-0.324068
0.346727
-0.540927
0.375461
-0.483696
0.500537
-0.00585767
0.563825
0.381547
-0.414045
-0.655161
-0.482409
-0.400089
-0.252372
-0.389997
0.877592
0.958953
0.0100898
0.668745
-0.717398
-0.565596
0.0550682
0.450718
0.449382
0.843647
-0.805803
-1.0167
-0.525518
-0.0993068
0.620541
-0.351502
-0.174518
-0.462019
0.247754
0.376618
-0.79775
0.132834
-0.956418
-0.833128
0.895005
-0.112151
-0.267597
-0.388194
-0.0204274
-10.8916
-0.623067
0.498105
0.507855
-0.43948
0.187885
-0.505873
0.333723
-0.483319
-0.0386613
-0.0823843
0.509324
-0.682554
0.820298
0.326334
-0.149916
0.600541
-0.333408
-0.725574
0.384043
1.02415
0.831012
0.287881
-0.297991
-0.378851
-0.119518
-0.358243
-0.0592923
0.372351
-0.173653
0.673442
-0.617656
0.765342
0.30004
-0.293827
0.295868
0.502762
-0.980272
0.459172
-0.205467
0.505907
0.878006
-0.251202
-0.0661267
-0.387682
-0.347969
-0.307292
0.441489
-0.455177
0.431534
-0.294026
0.696895
0.351125
1.06123
0.522853
0.41748
0.0582562
-0.0899837
-0.974458
-0.00251161
-0.624004
-0.624039
0.485711
0.280091
-0.828396
-0.177543
0.163082
0.591788
0.434658
0.557958
-0.312789
0.703121
0.217943
0.608591
-0.506156
0.189985
-0.580724
0.504024
-0.275348
0.755458
0.241752
-0.616218
-0.375009
0.00267197
0.0927638
0.554222
-0.0846634
-0.274237
0.590445
-0.410774
-0.532956
-0.805636
-0.566922
-0.25725
0.0967429
-0.740213
1.05072
0.781175
0.321782
0.713036
0.265109
0.239764
-0.393252
0.786804
-0.175979
-0.748847
-0.238193
-0.735124
0.938116
-0.0524354
0.0514438
0.739913
-0.988334
-0.62035
-0.249866
-0.222871
-0.616845
0.0530986
0.680087
0.301358
-0.116563
0.147781
-0.655328
0.764081
0.814695
0.807588
-0.590429
0.163377
0.477888
-0.460014
-0.223034
0.586069
0.470565
0.62545
0.612499
-0.589349
0.0321678
-0.142617
-0.177092
0.50906
-0.705539
0.594782
-0.26464
0.444194
0.388117
0.401635
-0.720728
-0.317217
0.644177
0.61019
-0.00257559
0.667583
-0.0822695
0.377094
-0.280879
0.73266
0.475232
-0.573582
0.675011
-0.81549
-0.191149
-0.973806
0.674735
-0.735113
0.174912
0.742749
0.512224
0.790027
-16.4615
0.712733
-0.885671
0.91958
66.3045
-0.259961
0.764992
0.0300793
0.110397
0.226836
-0.493927
0.210789
0.343383
-0.578691
0.457098
0.434452
-0.244177
-0.36781
-0.211109
0.385737
-0.760958
-0.191541
-0.433975
-0.777715
-0.126093
11.3962
0.228315
-0.553471
-0.271159
0.376435
0.673486
-0.750283
-0.530277
-0.613662
-0.238616
-0.480902
0.450446
-0.185025
-0.591836
0.717701
-0.575926
-0.654425
0.324529
-0.210285
-0.708589
-0.196673
0.239902
0.332516
0.549687
-0.351634
0.23818
-0.154193
0.617015
0.711639
0.811614
-7.32106
0.510315
-0.932691
12.2457
-0.70043
1.72762
-0.463644
-0.496337
-0.368024
0.437771
-0.841508
-0.0158873
0.171789
0.162761
-0.533835
0.500646
-0.236699
-0.258581
0.318963
-0.440097
-0.0808897
-0.752759
-0.848807
-0.959446
0.333794
-0.52889
-0.158508
0.522854
-0.928258
-0.703202
0.975381
0.942826
0.536546
0.683804
-0.803534
0.816216
-0.270191
-0.753501
-0.780629
-0.468723
0.253706
-0.312288
2.5972
0.742769
0.0319239
0.728612
-0.659404
-0.635587
-0.15931
-0.343179
0.273786
-0.380145
-0.421357
-0.192142
-0.12497
0.211976
-1.06515
0.804284
-0.839594
0.106548
-0.875371
-0.856647
0.261918
-0.784759
-0.448074
0.11486
-0.703399
0.394578
0.219954
-0.109624
0.605915
-0.754572
-0.0416655
0.115131
0.0472158
-0.73783
0.471918
0.673893
-0.742473
-0.438863
-0.630228
0.257212
0.162379
0.341368
-0.91555
0.818006
0.000555629
0.0510089
-0.700051
-0.494222
0.133185
0.216718
-0.0188587
-0.759166
-0.726189
0.628292
-0.0835387
-3.35586
-0.395204
-0.754836
0.90184
-0.74622
0.82887
0.681392
0.0574637
0.152535
-0.301673
0.231353
0.438042
0.799294
0.965118
-0.650944
-0.536391
-0.574576
1.03972
1.058
-0.0223557
-0.391506
-0.542016
0.422609
0.83063
0.301336
0.973518
0.938029
-0.340467
-0.393553
0.0710386
0.762114
1.00589
0.394962
-0.504748
0.0504071
0.962931
7.54978
0.512138
0.608989
-0.733823
0.00288862
-0.79498
0.39779
-0.568345
-0.29477
-0.151755
-0.492362
-0.0942429
0.856195
-0.502519
0.638632
0.461804
-0.0693225
-0.554386
-0.441851
-0.491648
-0.313069
-0.534196
0.402097
0.70454
-0.417832
-0.630277
0.621338
-0.23652
0.270318
-0.502167
0.433943
0.604744
-0.66051
-0.122918
0.573762
-0.0678721
-0.642781
1.03318
-0.568345
-0.900111
0.661898
-0.627784
-0.930894
-0.391504
0.397085
0.246252
0.589485
0.563112
0.0789772
-0.941301
28.1982
0.525937
0.60621
0.581736
-0.293562
0.708511
0.937373
-0.0299634
0.385301
0.255667
-0.213774
0.652024
0.745935
0.103585
-0.26186
-0.135883
-0.704207
0.874033
0.644761
0.543345
0.816589
-0.498995
-0.389315
-0.438956
0.629996
0.881716
-0.601388
-0.201838
0.159023
0.0433908
-0.548914
0.440359
-0.0477728
-0.361529
0.76408
-0.83493
-0.302917
-0.327196
-0.337943
0.662142
-0.384871
-0.0797445
-0.278361
0.223957
0.451667
0.575532
0.906744
-0.503981
-0.510988
-0.29475
0.236648
0.760919
0.103829
0.493866
0.796875
0.350857
-0.911781
-0.75289
0.429382
0.25324
-0.513123
0.0121439
-0.516681
0.154405
0.702679
0.395107
0.872912
-0.0638113
-0.451503
-0.681657
-0.350967
0.832063
-0.697266
-0.73279
-0.625971
-0.0513515
-0.1705
-0.368293
-0.058678
-0.467357
0.129715
-1.08499
0.330316
-0.438262
0.882879
0.793634
0.254492
-0.300031
-0.392175
0.399859
0.219253
0.278771
1.013
0.689359
1.06333
-0.93298
-0.794976
-0.999458
-0.462221
0.514355
-0.664891
-0.824752
0.193391
0.927358
1.04345
-0.390252
-0.567002
-24.2847
0.642674
-0.264743
0.078065
0.0788321
-0.386867
-0.180706
-0.899281
-0.700865
0.176844
0.551815
-0.218956
-15.1185
0.277567
-0.982171
0.709339
-0.189983
0.398845
-0.814546
-0.0157654
0.43483
-0.948231
-0.339306
-0.92217
0.118936
0.358643
0.665991
0.71487
0.236752
-0.661118
-0.551481
0.581756
-0.633046
0.823276
0.876191
-0.267364
-0.518102
1.05232
-0.787643
0.495439
-0.106065
-0.755289
-0.951367
-0.591355
-0.0974915
0.0907391
-0.31088
0.440943
-0.168434
-0.367429
-0.821971
0.580037
0.49347
-19.415
0.776956
0.57223
0.809856
-0.460052
0.0501745
1.08739
-0.535884
0.426075
-0.689965
-0.0366261
-0.0531094
-0.593636
0.351699
0.812894
-0.361907
0.945596
0.369072
0.207178
-0.0426689
0.356478
-0.286683
-0.551082
-0.531927
0.65797
-0.547111
-0.130497
0.576102
-0.156273
-0.369793
-1.02477
0.893282
0.209097
0.626026
-0.214335
-0.71316
-0.331019
0.856615
-0.465839
-0.0382989
0.0358765
-0.280702
-0.480154
0.137307
-0.213407
-0.363688
0.20019
1.05081
0.391726
0.319354
-0.695325
0.643977
0.443937
-0.58914
-0.282231
0.782284
0.30326
0.54778
-0.113934
0.156797
-0.903676
0.0933625
0.449528
0.0995237
0.872322
7.10015
-0.11998
-0.800062
0.604419
0.843991
0.383644
-0.224523
-0.216781
-0.454422
0.431005
-0.809409
-0.579596
-0.0662428
0.335773
-0.346739
-0.221779
0.380053
0.359247
0.388512
-0.531811
-0.533351
-0.262185
-0.0946829
-0.482766
0.827489
-0.672011
-0.0660262
-0.878223
-0.264175
0.701162
0.570114
0.115023
-0.322182
-0.0274607
0.0411638
0.315666
0.722503
0.108318
0.154361
0.0544832
0.722533
-0.512631
0.185243
0.0896485
0.888609
0.619562
-0.856086
0.869173
0.403051
-0.613613
-0.575119
-0.748952
0.181254
0.742373
0.785442
-0.68378
1.02601
-0.308642
-0.330593
-0.372817
-0.53858
0.75668
-0.000212163
0.191702
-0.0825427
0.681132
-0.521106
-0.64349
-0.119568
-0.225546
-0.00558082
0.662355
0.753361
0.504118
-0.898056
0.0122594
0.744241
0.388122
-0.443669
-0.484607
-0.860805
0.451955
-0.591915
0.274063
-0.0553631
-0.962833
-0.463296
-0.761815
0.873751
0.393721
0.081121
0.676361
0.5853
-0.964313
0.0292354
-0.84198
0.2311
-0.0609308
1.06799
0.386815
0.85996
0.282821
0.565141
0.914314
0.81073
0.940509
-0.254758
0.270749
0.0811124
0.533973
-0.363157
0.756403
-0.587936
0.375765
-0.935367
-0.621575
-0.437914
0.549954
0.29819
0.165978
0.461086
0.557509
-0.84211
-0.0432274
-0.158302
0.952227
-0.757818
0.33261
0.794812
-0.367918
-0.596682
-0.188428
0.945812
0.77566
-0.638174
-0.915017
-0.66698
-0.756566
0.849191
0.125391
0.567091
-0.916728
0.392139
-0.280324
0.230825
-0.738348
-0.00765128
-0.586784
-0.0210419
-0.273754
0.327414
-0.238816
0.584333
-0.50297
0.146098
-0.119711
0.207687
0.154922
0.393378
0.0225113
1.02177
-6.57227
0.695371
0.519503
0.372235
-0.577396
-0.833113
-0.0147728
-0.229214
-0.145836
-0.00303943
0.204632
0.153035
-0.239322
0.0929671
0.687909
0.0752929
0.0958412
0.0559939
0.752837
-0.661221
0.274953
0.483173
-0.372596
-0.243335
0.391643
0.85958
-0.0806072
0.238402
0.328337
0.626056
0.463831
-0.120395
0.22225
0.761776
0.487215
0.668341
-1.05242
0.273475
-0.680989
-0.582293
0.0380472
-10.9012
-0.0506105
0.396862
-0.579248
-0.426243
-0.348165
0.321377
0.205828
-0.779556
0.425522
-0.201878
-0.419609
1.08221
-0.610076
0.780355
0.690648
0.320567
0.064695
0.459479
-0.411444
0.503251
0.266769
0.850518
0.458823
1.00394
0.881731
0.16819
0.356405
-0.412785
0.17621
-0.00345546
0.382295
-0.686812
-0.187587
0.429948
0.226942
-0.456805
0.306356
0.62098
-0.494904
0.388584
0.0240182
0.74229
0.725719
0.564152
-0.115201
0.0638239
-0.690456
0.113695
0.565351
-0.783355
-1.01735
-0.116818
-0.103618
-0.584179
0.247611
-1.01586
0.801026
-0.452471
0.586425
0.948052
0.848122
-0.952028
0.10798
-0.988736
-0.31644
-0.0423663
-0.448264
0.991712
0.417482
0.607755
-0.133287
-1.09418
1.04042
-0.350443
-0.522844
0.0612439
0.812701
-0.443213
0.67194
-0.533291
0.537585
-0.0560314
0.742914
-0.80694
0.930882
-0.12083
0.556791
0.076381
0.0136
0.478291
0.589012
-0.176104
0.371933
0.823557
1.09118
-0.627806
-0.0866816
-0.0101244
0.779809
0.747935
-0.484395
-0.53975
0.341074
0.265194
-0.705881
-0.690766
-0.854305
0.624135
0.366856
-4.72224
0.925129
0.387558
1.02387
0.284546
0.367583
0.984025
0.798817
-0.908266
-0.184789
-4.35057
-0.816554
0.874721
0.571164
0.690832
0.0605484
0.48145
0.511413
0.111006
0.0678404
-0.986994
-0.73605
-0.58245
-0.475887
-0.590335
0.820795
0.331752
0.957436
-0.85576
-0.10105
0.169857
0.0705919
0.466917
-0.270264
0.19205
0.443251
0.24709
-0.611233
0.171851
0.464589
-0.419003
0.840283
-0.691313
-0.208757
0.665926
0.525029
0.0268028
-0.096771
0.0161791
0.0811178
0.550223
-0.81009
-0.0896011
-0.770206
0.115626
-0.432901
0.20393
0.481168
-0.118921
0.191357
-0.541949
0.452183
-0.524164
0.908036
0.35837
0.561314
0.0544429
-0.876072
0.796182
1.08838
-0.0688409
-0.092945
0.36584
-0.104399
0.646391
0.634484
0.546814
-0.0934698
0.293224
-0.732747
-0.228545
0.565354
-0.741239
-0.641582
1.02871
-0.0608874
0.483435
0.987506
0.305679
1.08509
0.599313
1.00176
0.206888
-0.725295
-0.165274
-0.665845
-0.277437
0.0315395
-0.308062
-0.221434
-0.800954
-0.701651
0.578615
-0.194565
-1.02822
0.666143
-0.522757
0.100966
-0.489782
-0.0572385
0.660675
0.361766
-0.215877
0.763903
10.1214
-0.038853
0.696878
0.0351706
-0.950917
0.0334402
0.565983
-0.740119
-0.780674
0.566603
-0.51209
-0.117343
0.554026
-0.809597
0.34578
-0.303815
0.42776
0.288301
-0.569474
-0.0616584
-0.800831
0.747502
-0.13806
-0.478051
-0.72215
0.891765
-0.5089
0.0775529
-0.203274
0.434433
-0.640323
-0.548561
0.941707
-0.365071
0.90649
0.0942185
0.544275
-0.67067
-0.62546
0.0990222
-0.129965
-0.180806
-0.371364
-0.233096
0.248872
-0.0529788
0.405972
-0.344385
-0.245889
-0.625458
-0.676213
-0.0287259
-0.7984
-0.0289335
0.038424
-0.155234
0.0364303
0.592066
0.647185
-0.306913
-0.858386
-0.625191
-0.616932
-0.0492804
0.0567368
0.672101
-0.257506
0.572298
-0.348115
0.945069
0.461295
0.321777
-0.207929
0.299492
-1.0348
-0.261669
0.154178
-0.0725501
-1.07707
-1.00933
-0.349815
0.786797
-0.542333
0.680448
-1.00052
-0.363529
-0.415371
-0.678501
0.354637
0.630233
-0.244766
0.432954
0.942771
-0.492614
0.338827
0.520378
-0.407993
0.345488
-0.292703
0.225603
-0.700147
0.559416
-0.00759018
-0.823939
1.04957
-0.800255
0.377059
0.522752
-0.0175003
0.0230298
-0.0994406
-0.839323
-0.695087
-0.23254
-0.728756
-0.348831
0.13644
0.204889
-0.130929
0.741799
-0.378221
-0.210689
0.476681
0.223442
-0.0604968
-0.525411
0.511655
0.366956
0.519043
0.460797
0.535196
-0.756223
0.372931
-0.133397
0.21142
-0.455138
-0.376681
0.0425485
-0.31259
-0.061345
0.711158
-0.309473
-0.924407
0.0885433
-1.02746
-0.771619
-0.0061311
0.297862
0.421368
-0.224528
0.584047
-0.581038
0.468954
-0.672952
1.07268
0.409926
-0.00708492
0.0273448
-0.0521769
0.981333
0.217533
0.427193
0.471957
0.369078
-0.865428
-0.19075
0.644825
0.905262
-0.577653
-0.34002
-0.324811
-0.191459
0.85427
0.456319
0.564304
0.43955
-0.522739
-4.67185
0.332917
-0.836812
-0.456168
-0.249185
-0.121209
-0.466719
0.313532
0.798593
-0.245007
-0.170787
0.212601
-0.11025
-0.178474
-0.976498
-0.557161
-0.509466
0.0135526
0.20331
-0.0194548
0.373375
0.540528
-0.150269
-0.746445
-0.945576
-0.0663337
0.486301
-0.0378255
-0.371175
-0.254286
0.865545
0.225954
-0.504023
1.08509
-0.86656
0.316321
0.950084
0.850021
0.422185
-0.437769
0.323935
-0.571418
0.674536
-0.349734
-0.0370543
0.461796
-0.764467
-0.283669
-0.326949
0.235778
0.708654
0.300267
0.756402
0.840424
-0.515226
0.339934
0.76091
0.488158
0.213695
-0.241524
0.727076
-0.327666
0.279659
0.378802
-0.0283083
-0.680547
0.860663
-0.411512
-0.794446
0.641713
0.529279
-0.408401
0.618866
-0.932105
-0.682092
0.352247
-0.686538
0.0818265
0.577185
0.289035
0.752419
0.361974
0.851311
-0.0246804
-0.130581
0.425319
0.228479
0.254896
0.119376
-0.655896
1.00995
-0.179477
0.543231
0.0711752
0.139226
0.16318
-0.247779
-0.665527
-0.517729
0.224402
0.212777
36.6977
0.500362
-0.0311159
-0.719037
-0.143482
-0.709475
0.548264
0.0411788
0.85711
-0.378115
0.318595
0.334545
0.366367
0.671559
-0.325935
0.409643
-0.000768779
-0.229168
0.950302
-0.0371598
-0.33753
0.903784
0.392062
0.50198
